[9, 9, 9, 9, 9, 9, 10, 9, 9, 11, 9, 0, 1, 9, 2, 9, 0, 0, 0, 1, 9, 0, 0, 0, 0]
[9, 9, 9, 9, 9, 9, 0, 9, 9, 11, 9, 10, 1, 9, 2, 9, 0, 0, 0, 1, 9, 0, 0, 0, 0, 9, 0, 0, 0, 0]
[9, 9, 9, 9, 9, 9, 9, 0, 9, 9, 11, 9, 9, 0, 10, 9, 2, 9, 9, 0, 0, 0, 1, 0, 9, 0, 0, 0, 0, 0, 9, 0, 0, 0, 0, 17]
[9, 9, 9, 9, 9, 9, 9, 0, 9, 9, 11, 9, 9, 0, 0, 9, 2, 9, 9, 0, 10, 0, 1, 0, 9, 0, 0, 0, 0, 0, 9, 0, 0, 0, 0, 17, 9, 9, 9, 9, 9, 9]
[9, 9, 9, 9, 9, 9, 9, 9, 0, 9, 9, 11, 9, 9, 9, 0, 0, 9, 2, 9, 9, 9, 0, 0, 10, 1, 0, 9, 9, 0, 0, 0, 0, 0, 9, 9, 0, 0, 0, 0, 17, 9, 9, 9, 9, 9, 9, 9, 9]
[9, 9, 9, 9, 9, 9, 10, 9, 9, 11, 9, 0, 1, 9, 2, 9, 0, 0, 0, 1, 9, 0, 0, 0, 0]
[9, 9, 9, 9, 9, 9, 0, 9, 9, 11, 9, 10, 1, 9, 2, 9, 0, 0, 0, 1, 9, 0, 0, 0, 0, 9, 0, 0, 0, 0]
[9, 9, 9, 9, 9, 9, 9, 0, 9, 9, 11, 9, 9, 0, 10, 9, 2, 9, 9, 0, 0, 0, 1, 0, 9, 0, 0, 0, 0, 0, 9, 0, 0, 0, 0, 17]
[9, 9, 9, 9, 9, 9, 9, 0, 9, 9, 11, 9, 9, 0, 0, 9, 2, 9, 9, 0, 10, 0, 1, 0, 9, 0, 0, 0, 0, 0, 9, 0, 0, 0, 0, 17, 9, 9, 9, 9, 9, 9]
[9, 9, 9, 9, 9, 9, 9, 9, 0, 9, 9, 11, 9, 9, 9, 0, 0, 9, 2, 9, 9, 9, 0, 0, 10, 1, 0, 9, 9, 0, 0, 0, 0, 0, 9, 9, 0, 0, 0, 0, 17, 9, 9, 9, 9, 9, 9, 9, 9]
[9, 9, 9, 9, 9, 9, 10, 9, 9, 11, 9, 0, 1, 9, 2, 9, 0, 0, 0, 1, 9, 0, 0, 0, 0]
[9, 9, 9, 9, 9, 9, 0, 9, 9, 11, 9, 10, 1, 9, 2, 9, 0, 0, 0, 1, 9, 0, 0, 0, 0, 9, 0, 0, 0, 0]
[9, 9, 9, 9, 9, 9, 9, 0, 9, 9, 11, 9, 9, 0, 10, 9, 2, 9, 9, 0, 0, 0, 1, 0, 9, 0, 0, 0, 0, 0, 9, 0, 0, 0, 0, 17]
[9, 9, 9, 9, 9, 9, 9, 0, 9, 9, 11, 9, 9, 0, 0, 9, 2, 9, 9, 0, 10, 0, 1, 0, 9, 0, 0, 0, 0, 0, 9, 0, 0, 0, 0, 17, 9, 9, 9, 9, 9, 9]
[9, 9, 9, 9, 9, 9, 9, 9, 0, 9, 9, 11, 9, 9, 9, 0, 0, 9, 2, 9, 9, 9, 0, 0, 10, 1, 0, 9, 9, 0, 0, 0, 0, 0, 9, 9, 0, 0, 0, 0, 17, 9, 9, 9, 9, 9, 9, 9, 9]
[9, 9, 9, 9, 9, 9, 10, 9, 9, 11, 9, 0, 1, 9, 2, 9, 0, 0, 0, 1, 9, 0, 0, 0, 0]
[9, 9, 9, 9, 9, 9, 0, 9, 9, 11, 9, 10, 1, 9, 2, 9, 0, 0, 0, 1, 9, 0, 0, 0, 0, 9, 0, 0, 0, 0]
[9, 9, 9, 9, 9, 9, 9, 0, 9, 9, 11, 9, 9, 0, 10, 9, 2, 9, 9, 0, 0, 0, 1, 0, 9, 0, 0, 0, 0, 0, 9, 0, 0, 0, 0, 17]
[9, 9, 9, 9, 9, 9, 9, 0, 9, 9, 11, 9, 9, 0, 0, 9, 2, 9, 9, 0, 10, 0, 1, 0, 9, 0, 0, 0, 0, 0, 9, 0, 0, 0, 0, 17, 9, 9, 9, 9, 9, 9]
[9, 9, 9, 9, 9, 9, 9, 9, 0, 9, 9, 11, 9, 9, 9, 0, 0, 9, 2, 9, 9, 9, 0, 0, 10, 1, 0, 9, 9, 0, 0, 0, 0, 0, 9, 9, 0, 0, 0, 0, 17, 9, 9, 9, 9, 9, 9, 9, 9]
[9, 9, 9, 9, 9, 9, 10, 9, 9, 11, 9, 0, 1, 9, 2, 9, 0, 0, 0, 1, 9, 0, 0, 0, 0]
[9, 9, 9, 9, 9, 9, 0, 9, 9, 11, 9, 10, 1, 9, 2, 9, 0, 0, 0, 1, 9, 0, 0, 0, 0, 9, 0, 0, 0, 0]
[9, 9, 9, 9, 9, 9, 9, 0, 9, 9, 11, 9, 9, 0, 10, 9, 2, 9, 9, 0, 0, 0, 1, 0, 9, 0, 0, 0, 0, 0, 9, 0, 0, 0, 0, 17]
[9, 9, 9, 9, 9, 9, 9, 0, 9, 9, 11, 9, 9, 0, 0, 9, 2, 9, 9, 0, 10, 0, 1, 0, 9, 0, 0, 0, 0, 0, 9, 0, 0, 0, 0, 17, 9, 9, 9, 9, 9, 9]
[9, 9, 9, 9, 9, 9, 9, 9, 0, 9, 9, 11, 9, 9, 9, 0, 0, 9, 2, 9, 9, 9, 0, 0, 10, 1, 0, 9, 9, 0, 0, 0, 0, 0, 9, 9, 0, 0, 0, 0, 17, 9, 9, 9, 9, 9, 9, 9, 9]
[9, 9, 9, 9, 9, 9, 10, 9, 9, 11, 9, 0, 1, 9, 2, 9, 0, 0, 0, 1, 9, 0, 0, 0, 0]
[9, 9, 9, 9, 9, 9, 0, 9, 9, 11, 9, 10, 1, 9, 2, 9, 0, 0, 0, 1, 9, 0, 0, 0, 0, 9, 0, 0, 0, 0]
[9, 9, 9, 9, 9, 9, 9, 0, 9, 9, 11, 9, 9, 0, 10, 9, 2, 9, 9, 0, 0, 0, 1, 0, 9, 0, 0, 0, 0, 0, 9, 0, 0, 0, 0, 17]
[9, 9, 9, 9, 9, 9, 9, 0, 9, 9, 11, 9, 9, 0, 0, 9, 2, 9, 9, 0, 10, 0, 1, 0, 9, 0, 0, 0, 0, 0, 9, 0, 0, 0, 0, 17, 9, 9, 9, 9, 9, 9]
[9, 9, 9, 9, 9, 9, 9, 9, 0, 9, 9, 11, 9, 9, 9, 0, 0, 9, 2, 9, 9, 9, 0, 0, 10, 1, 0, 9, 9, 0, 0, 0, 0, 0, 9, 9, 0, 0, 0, 0, 17, 9, 9, 9, 9, 9, 9, 9, 9]
[9, 9, 9, 9, 9, 9, 0, 9, 9, 11, 9, 9, 0, 0, 9, 2, 9, 9, 0, 0, 0, 10, 0, 9, 0, 0, 0, 0, 0, 9, 0, 0, 0, 0, 17, 9, 9, 9, 9, 9, 9, 9]
[9, 9, 9, 9, 9, 9, 10, 9, 9, 11, 9, 0, 1, 9, 2, 9, 0, 0, 0, 1, 9, 0, 0, 0, 0]
[9, 9, 9, 9, 9, 9, 0, 9, 9, 11, 9, 10, 1, 9, 2, 9, 0, 0, 0, 1, 9, 0, 0, 0, 0, 9, 0, 0, 0, 0]
[9, 9, 9, 9, 9, 9, 9, 0, 9, 9, 11, 9, 9, 0, 10, 9, 2, 9, 9, 0, 0, 0, 1, 0, 9, 0, 0, 0, 0, 0, 9, 0, 0, 0, 0, 17]
[9, 9, 9, 9, 9, 9, 9, 0, 9, 9, 11, 9, 9, 0, 0, 9, 2, 9, 9, 0, 10, 0, 1, 0, 9, 0, 0, 0, 0, 0, 9, 0, 0, 0, 0, 17, 9, 9, 9, 9, 9, 9]
[9, 9, 9, 9, 9, 9, 9, 9, 0, 9, 9, 11, 9, 9, 9, 0, 0, 9, 2, 9, 9, 9, 0, 0, 10, 1, 0, 9, 9, 0, 0, 0, 0, 0, 9, 9, 0, 0, 0, 0, 17, 9, 9, 9, 9, 9, 9, 9, 9]
[9, 9, 9, 9, 9, 9, 0, 9, 9, 11, 9, 9, 0, 0, 9, 2, 9, 9, 0, 0, 0, 10, 0, 9, 0, 0, 0, 0, 0, 9, 0, 0, 0, 0, 17, 9, 9, 9, 9, 9, 9, 9]
[9, 9, 9, 9, 9, 9, 10, 9, 9, 11, 9, 0, 1, 9, 2, 9, 0, 0, 0, 1, 9, 0, 0, 0, 0]
[9, 9, 9, 9, 9, 9, 0, 9, 9, 11, 9, 10, 1, 9, 2, 9, 0, 0, 0, 1, 9, 0, 0, 0, 0, 9, 0, 0, 0, 0]
[9, 9, 9, 9, 9, 9, 9, 0, 9, 9, 11, 9, 9, 0, 10, 9, 2, 9, 9, 0, 0, 0, 1, 0, 9, 0, 0, 0, 0, 0, 9, 0, 0, 0, 0, 17]
[9, 9, 9, 9, 9, 9, 9, 0, 9, 9, 11, 9, 9, 0, 0, 9, 2, 9, 9, 0, 10, 0, 1, 0, 9, 0, 0, 0, 0, 0, 9, 0, 0, 0, 0, 17, 9, 9, 9, 9, 9, 9]
[9, 9, 9, 9, 9, 9, 9, 9, 0, 9, 9, 11, 9, 9, 9, 0, 0, 9, 2, 9, 9, 9, 0, 0, 10, 1, 0, 9, 9, 0, 0, 0, 0, 0, 9, 9, 0, 0, 0, 0, 17, 9, 9, 9, 9, 9, 9, 9, 9]
[9, 9, 9, 9, 9, 9, 9, 11, 9, 9, 0, 9, 2, 9, 9, 0, 0, 0, 10, 9, 0, 0, 0, 0, 9, 0, 0, 0, 17, 9, 9, 9, 9, 9, 9]
[9, 9, 9, 9, 9, 9, 9, 11, 9, 9, 0, 9, 2, 9, 9, 0, 0, 0, 10, 9, 0, 0, 0, 0, 9, 0, 0, 0, 17, 9, 9, 9, 9, 9, 9]
[9, 9, 9, 9, 9, 9, 9, 11, 9, 9, 0, 9, 2, 9, 9, 0, 0, 0, 10, 9, 0, 0, 0, 0, 9, 0, 0, 0, 17, 9, 9, 9, 9, 9, 9]
[9, 9, 9, 9, 9, 9, 9, 11, 9, 9, 0, 9, 2, 9, 9, 0, 0, 0, 10, 9, 0, 0, 0, 0, 9, 0, 0, 0, 17, 9, 9, 9, 9, 9, 9]
[9, 9, 9, 9, 9, 9, 9, 11, 9, 9, 0, 9, 2, 9, 9, 0, 0, 0, 10, 9, 0, 0, 0, 0, 9, 0, 0, 0, 17, 9, 9, 9, 9, 9, 9]
[9, 9, 9, 9, 9, 9, 10, 9, 9, 11, 9, 0, 1, 9, 2, 9, 0, 0, 0, 1, 9, 0, 0, 0, 0]
[9, 9, 9, 9, 9, 9, 0, 9, 9, 11, 9, 10, 1, 9, 2, 9, 0, 0, 0, 1, 9, 0, 0, 0, 0, 9, 0, 0, 0, 0]
[9, 9, 9, 9, 9, 9, 9, 0, 9, 9, 11, 9, 9, 0, 10, 9, 2, 9, 9, 0, 0, 0, 1, 0, 9, 0, 0, 0, 0, 0, 9, 0, 0, 0, 0, 17]
[9, 9, 9, 9, 9, 9, 9, 0, 9, 9, 11, 9, 9, 0, 0, 9, 2, 9, 9, 0, 10, 0, 1, 0, 9, 0, 0, 0, 0, 0, 9, 0, 0, 0, 0, 17, 9, 9, 9, 9, 9, 9]
[9, 9, 9, 9, 9, 9, 9, 9, 0, 9, 9, 11, 9, 9, 9, 0, 0, 9, 2, 9, 9, 9, 0, 0, 10, 1, 0, 9, 9, 0, 0, 0, 0, 0, 9, 9, 0, 0, 0, 0, 17, 9, 9, 9, 9, 9, 9, 9, 9]
[9, 9, 9, 9, 9, 9, 9, 9, 0, 9, 9, 11, 9, 9, 9, 0, 0, 9, 2, 9, 9, 9, 0, 0, 10, 0, 0, 9, 9, 0, 0, 0, 0, 0, 9, 9, 0, 0, 0, 0, 17, 9, 9, 9, 9, 9, 9, 9, 9]
[9, 9, 9, 9, 9, 9, 9, 9, 0, 9, 9, 11, 9, 9, 9, 0, 0, 9, 2, 9, 9, 9, 0, 0, 10, 0, 0, 9, 9, 0, 0, 0, 0, 0, 9, 9, 0, 0, 0, 0, 17, 9, 9, 9, 9, 9, 9, 9, 9]
[9, 9, 9, 9, 9, 9, 9, 9, 0, 9, 9, 11, 9, 9, 9, 0, 0, 9, 2, 9, 9, 9, 0, 0, 10, 0, 0, 9, 9, 0, 0, 0, 0, 0, 9, 9, 0, 0, 0, 0, 17, 9, 9, 9, 9, 9, 9, 9, 9]
[9, 9, 9, 9, 9, 9, 9, 9, 0, 9, 9, 11, 9, 9, 9, 0, 0, 9, 2, 9, 9, 9, 0, 0, 10, 0, 0, 9, 9, 0, 0, 0, 0, 0, 9, 9, 0, 0, 0, 0, 17, 9, 9, 9, 9, 9, 9, 9, 9]
[9, 9, 9, 9, 9, 9, 9, 9, 0, 9, 9, 11, 9, 9, 9, 0, 0, 9, 2, 9, 9, 9, 0, 0, 10, 0, 0, 9, 9, 0, 0, 0, 0, 0, 9, 9, 0, 0, 0, 0, 17, 9, 9, 9, 9, 9, 9, 9, 9]
[9, 9, 9, 9, 9, 9, 10, 9, 9, 11, 9, 0, 1, 9, 2, 9, 0, 0, 0, 1, 9, 0, 0, 0, 0]
[9, 9, 9, 9, 9, 9, 0, 9, 9, 11, 9, 10, 1, 9, 2, 9, 0, 0, 0, 1, 9, 0, 0, 0, 0, 9, 0, 0, 0, 0]
[9, 9, 9, 9, 9, 9, 9, 0, 9, 9, 11, 9, 9, 0, 10, 9, 2, 9, 9, 0, 0, 0, 1, 0, 9, 0, 0, 0, 0, 0, 9, 0, 0, 0, 0, 17]
[9, 9, 9, 9, 9, 9, 9, 0, 9, 9, 11, 9, 9, 0, 0, 9, 2, 9, 9, 0, 10, 0, 1, 0, 9, 0, 0, 0, 0, 0, 9, 0, 0, 0, 0, 17, 9, 9, 9, 9, 9, 9]
[9, 9, 9, 9, 9, 9, 9, 9, 0, 9, 9, 11, 9, 9, 9, 0, 0, 9, 2, 9, 9, 9, 0, 0, 10, 1, 0, 9, 9, 0, 0, 0, 0, 0, 9, 9, 0, 0, 0, 0, 17, 9, 9, 9, 9, 9, 9, 9, 9]
[9, 9, 9, 9, 9, 9, 9, 9, 0, 9, 9, 11, 9, 9, 9, 0, 0, 9, 2, 9, 9, 9, 0, 0, 10, 0, 0, 9, 9, 0, 0, 0, 0, 0, 9, 9, 0, 0, 0, 0, 17, 9, 9, 9, 9, 9, 9, 9, 9]
[9, 9, 9, 9, 9, 9, 9, 9, 0, 9, 9, 11, 9, 9, 9, 0, 0, 9, 2, 9, 9, 9, 0, 0, 10, 0, 0, 9, 9, 0, 0, 0, 0, 0, 9, 9, 0, 0, 0, 0, 17, 9, 9, 9, 9, 9, 9, 9, 9]
[9, 9, 9, 9, 9, 9, 9, 9, 0, 9, 9, 11, 9, 9, 9, 0, 0, 9, 2, 9, 9, 9, 0, 0, 10, 0, 0, 9, 9, 0, 0, 0, 0, 0, 9, 9, 0, 0, 0, 0, 17, 9, 9, 9, 9, 9, 9, 9, 9]
[9, 9, 9, 9, 9, 9, 9, 9, 0, 9, 9, 11, 9, 9, 9, 0, 0, 9, 2, 9, 9, 9, 0, 0, 10, 0, 0, 9, 9, 0, 0, 0, 0, 0, 9, 9, 0, 0, 0, 0, 17, 9, 9, 9, 9, 9, 9, 9, 9]
[9, 9, 9, 9, 9, 9, 9, 9, 0, 9, 9, 11, 9, 9, 9, 0, 0, 9, 2, 9, 9, 9, 0, 0, 10, 0, 0, 9, 9, 0, 0, 0, 0, 0, 9, 9, 0, 0, 0, 0, 17, 9, 9, 9, 9, 9, 9, 9, 9]
[9, 9, 9, 9, 9, 9, 9, 9, 0, 9, 9, 11, 9, 9, 9, 0, 0, 9, 2, 9, 9, 9, 0, 0, 10, 0, 0, 9, 9, 0, 0, 0, 0, 0, 9, 9, 0, 0, 0, 0, 17, 9, 9, 9, 9, 9, 9, 9, 9]
[9, 9, 9, 9, 9, 9, 9, 9, 0, 9, 9, 11, 9, 9, 9, 0, 0, 9, 2, 9, 9, 9, 0, 0, 10, 0, 0, 9, 9, 0, 0, 0, 0, 0, 9, 9, 0, 0, 0, 0, 17, 9, 9, 9, 9, 9, 9, 9, 9]
[9, 9, 9, 9, 9, 9, 9, 9, 0, 9, 9, 11, 9, 9, 9, 0, 0, 9, 2, 9, 9, 9, 0, 0, 10, 0, 0, 9, 9, 0, 0, 0, 0, 0, 9, 9, 0, 0, 0, 0, 17, 9, 9, 9, 9, 9, 9, 9, 9]
[9, 9, 9, 9, 9, 9, 9, 9, 0, 9, 9, 11, 9, 9, 9, 0, 0, 9, 2, 9, 9, 9, 0, 0, 10, 0, 0, 9, 9, 0, 0, 0, 0, 0, 9, 9, 0, 0, 0, 0, 17, 9, 9, 9, 9, 9, 9, 9, 9]
[9, 9, 9, 9, 9, 9, 9, 9, 0, 9, 9, 11, 9, 9, 9, 0, 0, 9, 2, 9, 9, 9, 0, 0, 10, 0, 0, 9, 9, 0, 0, 0, 0, 0, 9, 9, 0, 0, 0, 0, 17, 9, 9, 9, 9, 9, 9, 9, 9]
[9, 9, 9, 9, 9, 9, 9, 9, 0, 9, 9, 11, 9, 9, 9, 0, 0, 9, 2, 9, 9, 9, 0, 0, 10, 0, 0, 9, 9, 0, 0, 0, 0, 0, 9, 9, 0, 0, 0, 0, 17, 9, 9, 9, 9, 9, 9, 9, 9]
[9, 9, 9, 9, 9, 9, 9, 9, 0, 9, 9, 11, 9, 9, 9, 0, 0, 9, 2, 9, 9, 9, 0, 0, 10, 0, 0, 9, 9, 0, 0, 0, 0, 0, 9, 9, 0, 0, 0, 0, 17, 9, 9, 9, 9, 9, 9, 9, 9]
[9, 9, 9, 9, 9, 9, 9, 9, 0, 9, 9, 11, 9, 9, 9, 0, 0, 9, 2, 9, 9, 9, 0, 0, 10, 0, 0, 9, 9, 0, 0, 0, 0, 0, 9, 9, 0, 0, 0, 0, 17, 9, 9, 9, 9, 9, 9, 9, 9]
[9, 9, 9, 9, 9, 9, 9, 9, 0, 9, 9, 11, 9, 9, 9, 0, 0, 9, 2, 9, 9, 9, 0, 0, 10, 0, 0, 9, 9, 0, 0, 0, 0, 0, 9, 9, 0, 0, 0, 0, 17, 9, 9, 9, 9, 9, 9, 9, 9]
[9, 9, 9, 9, 9, 9, 9, 9, 0, 0, 9, 9, 9, 9, 9, 0, 9, 9, 11, 9, 9, 9, 0, 0, 10, 9, 9, 9, 9, 0, 0, 0, 2, 0, 9, 9, 0, 0, 0, 0, 17, 9, 9, 9, 9, 9, 9, 9, 9]
[9, 0, 0, 1, 9, 1, 9, 9, 0, 0, 9, 9, 9, 9, 9, 0, 9, 9, 11, 9, 9, 9, 0, 0, 10, 9, 9, 9, 9, 0, 0, 0, 2, 17, 9, 9, 9, 9, 9, 9, 9, 9]
[9, 0, 0, 1, 9, 9, 9, 9, 0, 0, 9, 9, 11, 9, 9, 0, 0, 0, 9, 9, 9, 9, 0, 0, 10, 2, 17, 9, 9, 9, 9, 9, 9, 9, 9]
[0, 0, 1, 0, 9, 9, 0, 0, 0, 9, 9, 9, 0, 0, 9, 9, 11, 9, 0, 0, 0, 10, 17, 9, 9, 9, 9, 9, 9, 9]
[9, 9, 9, 9, 9, 9, 10, 9, 9, 11, 9, 0, 1, 9, 2, 9, 0, 0, 0, 1, 9, 0, 0, 0, 0]
[9, 9, 9, 9, 9, 9, 0, 9, 9, 11, 9, 10, 1, 9, 2, 9, 0, 0, 0, 1, 9, 0, 0, 0, 0, 9, 0, 0, 0, 0]
[9, 9, 9, 9, 9, 9, 9, 0, 9, 9, 11, 9, 9, 0, 10, 9, 2, 9, 9, 0, 0, 0, 1, 0, 9, 0, 0, 0, 0, 0, 9, 0, 0, 0, 0, 17]
[9, 9, 9, 9, 9, 9, 9, 0, 9, 9, 11, 9, 9, 0, 0, 9, 2, 9, 9, 0, 10, 0, 1, 0, 9, 0, 0, 0, 0, 0, 9, 0, 0, 0, 0, 17, 9, 9, 9, 9, 9, 9]
[9, 9, 9, 9, 9, 9, 9, 9, 0, 9, 9, 11, 9, 9, 9, 0, 0, 9, 2, 9, 9, 9, 0, 0, 10, 1, 0, 9, 9, 0, 0, 0, 0, 0, 9, 9, 0, 0, 0, 0, 17, 9, 9, 9, 9, 9, 9, 9, 9]
[9, 9, 9, 9, 9, 9, 9, 9, 0, 9, 9, 11, 9, 9, 9, 0, 0, 9, 2, 9, 9, 9, 0, 0, 10, 0, 0, 9, 9, 0, 0, 0, 0, 0, 9, 9, 0, 0, 0, 0, 17, 9, 9, 9, 9, 9, 9, 9, 9]
[9, 9, 9, 9, 9, 9, 9, 9, 0, 9, 9, 11, 9, 9, 9, 0, 0, 9, 2, 9, 9, 9, 0, 0, 10, 0, 0, 9, 9, 0, 0, 0, 0, 0, 9, 9, 0, 0, 0, 0, 17, 9, 9, 9, 9, 9, 9, 9, 9]
[9, 9, 9, 9, 9, 9, 9, 9, 0, 9, 9, 11, 9, 9, 9, 0, 0, 9, 2, 9, 9, 9, 0, 0, 10, 0, 0, 9, 9, 0, 0, 0, 0, 0, 9, 9, 0, 0, 0, 0, 17, 9, 9, 9, 9, 9, 9, 9, 9]
[9, 9, 9, 9, 9, 9, 9, 9, 0, 9, 9, 11, 9, 9, 9, 0, 0, 9, 2, 9, 9, 9, 0, 0, 10, 0, 0, 9, 9, 0, 0, 0, 0, 0, 9, 9, 0, 0, 0, 0, 17, 9, 9, 9, 9, 9, 9, 9, 9]
[9, 9, 9, 9, 9, 9, 10, 9, 9, 11, 9, 0, 1, 9, 2, 9, 0, 0, 0, 1, 9, 0, 0, 0, 0]
[9, 9, 9, 9, 9, 9, 0, 9, 9, 11, 9, 10, 1, 9, 2, 9, 0, 0, 0, 1, 9, 0, 0, 0, 0, 9, 0, 0, 0, 0]
[9, 9, 9, 9, 9, 9, 9, 0, 9, 9, 11, 9, 9, 0, 10, 9, 2, 9, 9, 0, 0, 0, 1, 0, 9, 0, 0, 0, 0, 0, 9, 0, 0, 0, 0, 17]
[9, 9, 9, 9, 9, 9, 9, 0, 9, 9, 11, 9, 9, 0, 0, 9, 2, 9, 9, 0, 10, 0, 1, 0, 9, 0, 0, 0, 0, 0, 9, 0, 0, 0, 0, 17, 9, 9, 9, 9, 9, 9]
[9, 9, 9, 9, 9, 9, 9, 9, 0, 9, 9, 11, 9, 9, 9, 0, 0, 9, 2, 9, 9, 9, 0, 0, 10, 1, 0, 9, 9, 0, 0, 0, 0, 0, 9, 9, 0, 0, 0, 0, 17, 9, 9, 9, 9, 9, 9, 9, 9]
[9, 9, 9, 9, 9, 9, 9, 0, 9, 9, 11, 9, 9, 0, 0, 9, 9, 9, 9, 0, 10, 0, 2, 0, 9, 0, 0, 0, 0, 0, 9, 0, 0, 0, 0, 17, 9, 9, 9, 9, 9, 9]
[9, 9, 9, 9, 9, 9, 9, 9, 0, 0, 9, 9, 9, 9, 9, 0, 9, 9, 11, 9, 9, 9, 0, 0, 10, 9, 9, 9, 9, 0, 0, 0, 2, 0, 9, 9, 0, 0, 0, 0, 17, 9, 9, 9, 9, 9, 9, 9, 9]
[9, 0, 0, 1, 9, 1, 9, 9, 0, 0, 9, 9, 9, 9, 9, 0, 9, 9, 11, 9, 9, 9, 0, 0, 10, 9, 9, 9, 9, 0, 0, 0, 2, 17, 9, 9, 9, 9, 9, 9, 9, 9]
[9, 0, 0, 1, 9, 9, 9, 9, 0, 0, 9, 9, 11, 9, 9, 0, 0, 0, 9, 9, 9, 9, 0, 0, 10, 2, 17, 9, 9, 9, 9, 9, 9, 9, 9]
[0, 0, 1, 0, 9, 9, 0, 0, 0, 9, 9, 9, 0, 0, 9, 9, 11, 9, 0, 0, 0, 10, 17, 9, 9, 9, 9, 9, 9, 9]
[9, 9, 9, 9, 9, 9, 10, 9, 9, 11, 9, 0, 1, 9, 2, 9, 0, 0, 0, 1, 9, 0, 0, 0, 0]
[9, 9, 9, 9, 9, 9, 0, 9, 9, 11, 9, 10, 1, 9, 2, 9, 0, 0, 0, 1, 9, 0, 0, 0, 0, 9, 0, 0, 0, 0]
[9, 9, 9, 9, 9, 9, 9, 0, 9, 9, 11, 9, 9, 0, 10, 9, 2, 9, 9, 0, 0, 0, 1, 0, 9, 0, 0, 0, 0, 0, 9, 0, 0, 0, 0, 17]
[9, 9, 9, 9, 9, 9, 9, 0, 9, 9, 11, 9, 9, 0, 0, 9, 2, 9, 9, 0, 10, 0, 1, 0, 9, 0, 0, 0, 0, 0, 9, 0, 0, 0, 0, 17, 9, 9, 9, 9, 9, 9]
[9, 9, 9, 9, 9, 9, 9, 9, 0, 9, 9, 11, 9, 9, 9, 0, 0, 9, 2, 9, 9, 9, 0, 0, 10, 1, 0, 9, 9, 0, 0, 0, 0, 0, 9, 9, 0, 0, 0, 0, 17, 9, 9, 9, 9, 9, 9, 9, 9]
[9, 9, 9, 9, 9, 9, 9, 0, 9, 9, 11, 9, 9, 0, 0, 9, 9, 9, 9, 0, 10, 0, 2, 0, 9, 0, 0, 0, 0, 0, 9, 0, 0, 0, 0, 17, 9, 9, 9, 9, 9, 9]
[9, 9, 9, 9, 9, 9, 9, 9, 0, 0, 9, 9, 9, 9, 9, 0, 9, 9, 11, 9, 9, 9, 0, 0, 10, 9, 9, 9, 9, 0, 0, 0, 2, 0, 9, 9, 0, 0, 0, 0, 17, 9, 9, 9, 9, 9, 9, 9, 9]
[9, 0, 0, 1, 9, 1, 9, 9, 0, 0, 9, 9, 9, 9, 9, 0, 9, 9, 11, 9, 9, 9, 0, 0, 10, 9, 9, 9, 9, 0, 0, 0, 2, 17, 9, 9, 9, 9, 9, 9, 9, 9]
[9, 0, 0, 1, 9, 9, 9, 9, 0, 0, 9, 9, 11, 9, 9, 0, 0, 0, 9, 9, 9, 9, 0, 0, 10, 2, 17, 9, 9, 9, 9, 9, 9, 9, 9]
[0, 0, 1, 0, 9, 9, 0, 0, 0, 9, 9, 9, 0, 0, 9, 9, 11, 9, 0, 0, 0, 10, 17, 9, 9, 9, 9, 9, 9, 9]
[9, 9, 9, 9, 9, 9, 10, 9, 9, 11, 9, 0, 1, 9, 2, 9, 0, 0, 0, 1, 9, 0, 0, 0, 0]
[9, 9, 9, 9, 9, 9, 0, 9, 9, 11, 9, 10, 1, 9, 2, 9, 0, 0, 0, 1, 9, 0, 0, 0, 0, 9, 0, 0, 0, 0]
[9, 9, 9, 9, 9, 9, 9, 0, 9, 9, 11, 9, 9, 0, 10, 9, 2, 9, 9, 0, 0, 0, 1, 0, 9, 0, 0, 0, 0, 0, 9, 0, 0, 0, 0, 17]
[9, 9, 9, 9, 9, 9, 9, 0, 9, 9, 11, 9, 9, 0, 0, 9, 2, 9, 9, 0, 10, 0, 1, 0, 9, 0, 0, 0, 0, 0, 9, 0, 0, 0, 0, 17, 9, 9, 9, 9, 9, 9]
[9, 9, 9, 9, 9, 9, 9, 9, 0, 9, 9, 11, 9, 9, 9, 0, 0, 9, 2, 9, 9, 9, 0, 0, 10, 1, 0, 9, 9, 0, 0, 0, 0, 0, 9, 9, 0, 0, 0, 0, 17, 9, 9, 9, 9, 9, 9, 9, 9]
[9, 9, 9, 9, 9, 9, 9, 0, 9, 9, 11, 9, 9, 0, 0, 9, 9, 9, 9, 0, 10, 0, 2, 0, 9, 0, 0, 0, 0, 0, 9, 0, 0, 0, 0, 17, 9, 9, 9, 9, 9, 9]
[9, 9, 9, 9, 9, 9, 9, 9, 0, 0, 9, 9, 9, 9, 9, 0, 9, 9, 11, 9, 9, 9, 0, 0, 10, 9, 9, 9, 9, 0, 0, 0, 2, 0, 9, 9, 0, 0, 0, 0, 17, 9, 9, 9, 9, 9, 9, 9, 9]
[9, 0, 0, 1, 9, 1, 9, 9, 0, 0, 9, 9, 9, 9, 9, 0, 9, 9, 11, 9, 9, 9, 0, 0, 10, 9, 9, 9, 9, 0, 0, 0, 2, 17, 9, 9, 9, 9, 9, 9, 9, 9]
[9, 0, 0, 1, 9, 9, 9, 9, 0, 0, 9, 9, 11, 9, 9, 0, 0, 0, 9, 9, 9, 9, 0, 0, 10, 2, 17, 9, 9, 9, 9, 9, 9, 9, 9]
[0, 0, 1, 0, 9, 9, 0, 0, 0, 9, 9, 9, 0, 0, 9, 9, 11, 9, 0, 0, 0, 10, 17, 9, 9, 9, 9, 9, 9, 9]
[9, 9, 9, 9, 9, 9, 10, 9, 9, 11, 9, 0, 1, 9, 2, 9, 0, 0, 0, 1, 9, 0, 0, 0, 0]
[9, 9, 9, 9, 9, 9, 0, 9, 9, 11, 9, 10, 1, 9, 2, 9, 0, 0, 0, 1, 9, 0, 0, 0, 0, 9, 0, 0, 0, 0]
[9, 9, 9, 9, 9, 9, 9, 0, 9, 9, 11, 9, 9, 0, 10, 9, 2, 9, 9, 0, 0, 0, 1, 0, 9, 0, 0, 0, 0, 0, 9, 0, 0, 0, 0, 17]
[9, 9, 9, 9, 9, 9, 9, 0, 9, 9, 11, 9, 9, 0, 0, 9, 2, 9, 9, 0, 10, 0, 1, 0, 9, 0, 0, 0, 0, 0, 9, 0, 0, 0, 0, 17, 9, 9, 9, 9, 9, 9]
[9, 9, 9, 9, 9, 9, 9, 9, 0, 9, 9, 11, 9, 9, 9, 0, 0, 9, 2, 9, 9, 9, 0, 0, 10, 1, 0, 9, 9, 0, 0, 0, 0, 0, 9, 9, 0, 0, 0, 0, 17, 9, 9, 9, 9, 9, 9, 9, 9]
[9, 9, 9, 9, 9, 9, 9, 0, 9, 9, 11, 9, 9, 0, 0, 9, 9, 9, 9, 0, 10, 0, 2, 0, 9, 0, 0, 0, 0, 0, 9, 0, 0, 0, 0, 17, 9, 9, 9, 9, 9, 9]
[9, 9, 9, 9, 9, 9, 9, 9, 0, 0, 9, 9, 9, 9, 9, 0, 9, 9, 11, 9, 9, 9, 0, 0, 10, 9, 9, 9, 9, 0, 0, 0, 2, 0, 9, 9, 0, 0, 0, 0, 17, 9, 9, 9, 9, 9, 9, 9, 9]
[9, 0, 0, 1, 9, 1, 9, 9, 0, 0, 9, 9, 9, 9, 9, 0, 9, 9, 11, 9, 9, 9, 0, 0, 10, 9, 9, 9, 9, 0, 0, 0, 2, 17, 9, 9, 9, 9, 9, 9, 9, 9]
[9, 0, 0, 1, 9, 9, 9, 9, 0, 0, 9, 9, 11, 9, 9, 0, 0, 0, 9, 9, 9, 9, 0, 0, 10, 2, 17, 9, 9, 9, 9, 9, 9, 9, 9]
[0, 0, 1, 0, 9, 9, 0, 0, 0, 9, 9, 9, 0, 0, 9, 9, 11, 9, 0, 0, 0, 10, 17, 9, 9, 9, 9, 9, 9, 9]
[9, 9, 9, 9, 9, 9, 10, 9, 9, 11, 9, 0, 1, 9, 2, 9, 0, 0, 0, 1, 9, 0, 0, 0, 0]
[9, 9, 9, 9, 9, 9, 0, 9, 9, 11, 9, 10, 1, 9, 2, 9, 0, 0, 0, 1, 9, 0, 0, 0, 0, 9, 0, 0, 0, 0]
[9, 9, 9, 9, 9, 9, 9, 0, 9, 9, 11, 9, 9, 0, 10, 9, 2, 9, 9, 0, 0, 0, 1, 0, 9, 0, 0, 0, 0, 0, 9, 0, 0, 0, 0, 17]
[9, 9, 9, 9, 9, 9, 9, 0, 9, 9, 11, 9, 9, 0, 0, 9, 2, 9, 9, 0, 10, 0, 1, 0, 9, 0, 0, 0, 0, 0, 9, 0, 0, 0, 0, 17, 9, 9, 9, 9, 9, 9]
[9, 9, 9, 9, 9, 9, 9, 9, 0, 9, 9, 11, 9, 9, 9, 0, 0, 9, 2, 9, 9, 9, 0, 0, 10, 1, 0, 9, 9, 0, 0, 0, 0, 0, 9, 9, 0, 0, 0, 0, 17, 9, 9, 9, 9, 9, 9, 9, 9]
[9, 9, 9, 9, 9, 9, 9, 0, 9, 9, 11, 9, 9, 0, 0, 9, 9, 9, 9, 0, 10, 0, 2, 0, 9, 0, 0, 0, 0, 0, 9, 0, 0, 0, 0, 17, 9, 9, 9, 9, 9, 9]
[9, 9, 9, 9, 9, 9, 9, 9, 0, 0, 9, 9, 9, 9, 9, 0, 9, 9, 11, 9, 9, 9, 0, 0, 10, 9, 9, 9, 9, 0, 0, 0, 2, 0, 9, 9, 0, 0, 0, 0, 17, 9, 9, 9, 9, 9, 9, 9, 9]
[9, 0, 0, 1, 9, 1, 9, 9, 0, 0, 9, 9, 9, 9, 9, 0, 9, 9, 11, 9, 9, 9, 0, 0, 10, 9, 9, 9, 9, 0, 0, 0, 2, 17, 9, 9, 9, 9, 9, 9, 9, 9]
[9, 0, 0, 1, 9, 9, 9, 9, 0, 0, 9, 9, 11, 9, 9, 0, 0, 0, 9, 9, 9, 9, 0, 0, 10, 2, 17, 9, 9, 9, 9, 9, 9, 9, 9]
[0, 0, 1, 0, 9, 9, 0, 0, 0, 9, 9, 9, 0, 0, 9, 9, 11, 9, 0, 0, 0, 10, 17, 9, 9, 9, 9, 9, 9, 9]
[9, 9, 9, 9, 9, 9, 10, 9, 9, 11, 9, 0, 1, 9, 2, 9, 0, 0, 0, 1, 9, 0, 0, 0, 0]
[9, 9, 9, 9, 9, 9, 0, 9, 9, 11, 9, 10, 1, 9, 2, 9, 0, 0, 0, 1, 9, 0, 0, 0, 0, 9, 0, 0, 0, 0]
[9, 9, 9, 9, 9, 9, 9, 0, 9, 9, 11, 9, 9, 0, 10, 9, 2, 9, 9, 0, 0, 0, 1, 0, 9, 0, 0, 0, 0, 0, 9, 0, 0, 0, 0, 17]
[9, 9, 9, 9, 9, 9, 9, 0, 9, 9, 11, 9, 9, 0, 0, 9, 2, 9, 9, 0, 10, 0, 1, 0, 9, 0, 0, 0, 0, 0, 9, 0, 0, 0, 0, 17, 9, 9, 9, 9, 9, 9]
[9, 9, 9, 9, 9, 9, 9, 9, 0, 9, 9, 11, 9, 9, 9, 0, 0, 9, 2, 9, 9, 9, 0, 0, 10, 1, 0, 9, 9, 0, 0, 0, 0, 0, 9, 9, 0, 0, 0, 0, 17, 9, 9, 9, 9, 9, 9, 9, 9]
[9, 9, 9, 9, 9, 9, 9, 0, 9, 9, 11, 9, 9, 0, 0, 9, 9, 9, 9, 0, 10, 0, 2, 0, 9, 0, 0, 0, 0, 0, 9, 0, 0, 0, 0, 17, 9, 9, 9, 9, 9, 9]
[9, 9, 9, 9, 9, 9, 9, 9, 0, 0, 9, 9, 9, 9, 9, 0, 9, 9, 11, 9, 9, 9, 0, 0, 10, 9, 9, 9, 9, 0, 0, 0, 2, 0, 9, 9, 0, 0, 0, 0, 17, 9, 9, 9, 9, 9, 9, 9, 9]
[9, 0, 0, 1, 9, 1, 9, 9, 0, 0, 9, 9, 9, 9, 9, 0, 9, 9, 11, 9, 9, 9, 0, 0, 10, 9, 9, 9, 9, 0, 0, 0, 2, 17, 9, 9, 9, 9, 9, 9, 9, 9]
[9, 0, 0, 1, 9, 9, 9, 9, 0, 0, 9, 9, 11, 9, 9, 0, 0, 0, 9, 9, 9, 9, 0, 0, 10, 2, 17, 9, 9, 9, 9, 9, 9, 9, 9]
[0, 0, 1, 0, 9, 9, 0, 0, 0, 9, 9, 9, 0, 0, 9, 9, 11, 9, 0, 0, 0, 10, 17, 9, 9, 9, 9, 9, 9, 9]
[9, 9, 9, 9, 9, 9, 10, 9, 9, 11, 9, 0, 1, 9, 2, 9, 0, 0, 0, 1, 9, 0, 0, 0, 0]
[9, 9, 9, 9, 9, 9, 0, 9, 9, 11, 9, 10, 1, 9, 2, 9, 0, 0, 0, 1, 9, 0, 0, 0, 0, 9, 0, 0, 0, 0]
[9, 9, 9, 9, 9, 9, 9, 0, 9, 9, 11, 9, 9, 0, 10, 9, 2, 9, 9, 0, 0, 0, 1, 0, 9, 0, 0, 0, 0, 0, 9, 0, 0, 0, 0, 17]
[9, 9, 9, 9, 9, 9, 9, 0, 9, 9, 11, 9, 9, 0, 0, 9, 2, 9, 9, 0, 10, 0, 1, 0, 9, 0, 0, 0, 0, 0, 9, 0, 0, 0, 0, 17, 9, 9, 9, 9, 9, 9]
[9, 9, 9, 9, 9, 9, 9, 9, 0, 9, 9, 11, 9, 9, 9, 0, 0, 9, 2, 9, 9, 9, 0, 0, 10, 1, 0, 9, 9, 0, 0, 0, 0, 0, 9, 9, 0, 0, 0, 0, 17, 9, 9, 9, 9, 9, 9, 9, 9]
[9, 9, 9, 9, 9, 9, 9, 0, 9, 9, 11, 9, 9, 0, 0, 9, 9, 9, 9, 0, 10, 0, 2, 0, 9, 0, 0, 0, 0, 0, 9, 0, 0, 0, 0, 17, 9, 9, 9, 9, 9, 9]
[9, 9, 9, 9, 9, 9, 9, 9, 0, 0, 9, 9, 9, 9, 9, 0, 9, 9, 11, 9, 9, 9, 0, 0, 10, 9, 9, 9, 9, 0, 0, 0, 2, 0, 9, 9, 0, 0, 0, 0, 17, 9, 9, 9, 9, 9, 9, 9, 9]
[9, 0, 0, 1, 9, 1, 9, 9, 0, 0, 9, 9, 9, 9, 9, 0, 9, 9, 11, 9, 9, 9, 0, 0, 10, 9, 9, 9, 9, 0, 0, 0, 2, 17, 9, 9, 9, 9, 9, 9, 9, 9]
[9, 0, 0, 1, 9, 9, 9, 9, 0, 0, 9, 9, 11, 9, 9, 0, 0, 0, 9, 9, 9, 9, 0, 0, 10, 2, 17, 9, 9, 9, 9, 9, 9, 9, 9]
[0, 0, 1, 0, 9, 9, 0, 0, 0, 9, 9, 9, 0, 0, 9, 9, 11, 9, 0, 0, 0, 10, 17, 9, 9, 9, 9, 9, 9, 9]
[9, 9, 9, 9, 9, 9, 10, 9, 9, 11, 9, 0, 1, 9, 2, 9, 0, 0, 0, 1, 9, 0, 0, 0, 0]
[9, 9, 9, 9, 9, 9, 0, 9, 9, 11, 9, 10, 1, 9, 2, 9, 0, 0, 0, 1, 9, 0, 0, 0, 0, 9, 0, 0, 0, 0]
[9, 9, 9, 9, 9, 9, 9, 0, 9, 9, 11, 9, 9, 0, 10, 9, 2, 9, 9, 0, 0, 0, 1, 0, 9, 0, 0, 0, 0, 0, 9, 0, 0, 0, 0, 17]
[9, 9, 9, 9, 9, 9, 9, 0, 9, 9, 11, 9, 9, 0, 0, 9, 2, 9, 9, 0, 10, 0, 1, 0, 9, 0, 0, 0, 0, 0, 9, 0, 0, 0, 0, 17, 9, 9, 9, 9, 9, 9]
[9, 9, 9, 9, 9, 9, 9, 9, 0, 9, 9, 11, 9, 9, 9, 0, 0, 9, 2, 9, 9, 9, 0, 0, 10, 1, 0, 9, 9, 0, 0, 0, 0, 0, 9, 9, 0, 0, 0, 0, 17, 9, 9, 9, 9, 9, 9, 9, 9]
[9, 9, 9, 9, 9, 9, 9, 0, 9, 9, 11, 9, 9, 0, 0, 9, 9, 9, 9, 0, 10, 0, 2, 0, 9, 0, 0, 0, 0, 0, 9, 0, 0, 0, 0, 17, 9, 9, 9, 9, 9, 9]
[9, 9, 9, 9, 9, 9, 9, 9, 0, 0, 9, 9, 9, 9, 9, 0, 9, 9, 11, 9, 9, 9, 0, 0, 10, 9, 9, 9, 9, 0, 0, 0, 2, 0, 9, 9, 0, 0, 0, 0, 17, 9, 9, 9, 9, 9, 9, 9, 9]
[9, 0, 0, 1, 9, 1, 9, 9, 0, 0, 9, 9, 9, 9, 9, 0, 9, 9, 11, 9, 9, 9, 0, 0, 10, 9, 9, 9, 9, 0, 0, 0, 2, 17, 9, 9, 9, 9, 9, 9, 9, 9]
[9, 0, 0, 1, 9, 9, 9, 9, 0, 0, 9, 9, 11, 9, 9, 0, 0, 0, 9, 9, 9, 9, 0, 0, 10, 2, 17, 9, 9, 9, 9, 9, 9, 9, 9]
[0, 0, 1, 0, 9, 9, 0, 0, 0, 9, 9, 9, 0, 0, 9, 9, 11, 9, 0, 0, 0, 10, 17, 9, 9, 9, 9, 9, 9, 9]
[9, 9, 9, 9, 9, 9, 10, 9, 9, 11, 9, 0, 1, 9, 2, 9, 0, 0, 0, 1, 9, 0, 0, 0, 0]
[9, 9, 9, 9, 9, 9, 0, 9, 9, 11, 9, 10, 1, 9, 2, 9, 0, 0, 0, 1, 9, 0, 0, 0, 0, 9, 0, 0, 0, 0]
[9, 9, 9, 9, 9, 9, 9, 0, 9, 9, 11, 9, 9, 0, 10, 9, 2, 9, 9, 0, 0, 0, 1, 0, 9, 0, 0, 0, 0, 0, 9, 0, 0, 0, 0, 17]
[9, 9, 9, 9, 9, 9, 9, 0, 9, 9, 11, 9, 9, 0, 0, 9, 2, 9, 9, 0, 10, 0, 1, 0, 9, 0, 0, 0, 0, 0, 9, 0, 0, 0, 0, 17, 9, 9, 9, 9, 9, 9]
[9, 9, 9, 9, 9, 9, 9, 9, 0, 9, 9, 11, 9, 9, 9, 0, 0, 9, 2, 9, 9, 9, 0, 0, 10, 1, 0, 9, 9, 0, 0, 0, 0, 0, 9, 9, 0, 0, 0, 0, 17, 9, 9, 9, 9, 9, 9, 9, 9]
[9, 9, 9, 9, 9, 9, 9, 0, 9, 9, 11, 9, 9, 0, 0, 9, 9, 9, 9, 0, 10, 0, 2, 0, 9, 0, 0, 0, 0, 0, 9, 0, 0, 0, 0, 17, 9, 9, 9, 9, 9, 9]
[9, 9, 9, 9, 9, 9, 9, 9, 0, 0, 9, 9, 9, 9, 9, 0, 9, 9, 11, 9, 9, 9, 0, 0, 10, 9, 9, 9, 9, 0, 0, 0, 2, 0, 9, 9, 0, 0, 0, 0, 17, 9, 9, 9, 9, 9, 9, 9, 9]
[9, 0, 0, 1, 9, 1, 9, 9, 0, 0, 9, 9, 9, 9, 9, 0, 9, 9, 11, 9, 9, 9, 0, 0, 10, 9, 9, 9, 9, 0, 0, 0, 2, 17, 9, 9, 9, 9, 9, 9, 9, 9]
[9, 0, 0, 1, 9, 9, 9, 9, 0, 0, 9, 9, 11, 9, 9, 0, 0, 0, 9, 9, 9, 9, 0, 0, 10, 2, 17, 9, 9, 9, 9, 9, 9, 9, 9]
[0, 0, 1, 0, 9, 9, 0, 0, 0, 9, 9, 9, 0, 0, 9, 9, 11, 9, 0, 0, 0, 10, 17, 9, 9, 9, 9, 9, 9, 9]
[9, 9, 9, 9, 9, 9, 10, 9, 9, 11, 9, 0, 1, 9, 2, 9, 0, 0, 0, 1, 9, 0, 0, 0, 0]
[9, 9, 9, 9, 9, 9, 0, 9, 9, 11, 9, 10, 1, 9, 2, 9, 0, 0, 0, 1, 9, 0, 0, 0, 0, 9, 0, 0, 0, 0]
[9, 9, 9, 9, 9, 9, 9, 0, 9, 9, 11, 9, 9, 0, 10, 9, 2, 9, 9, 0, 0, 0, 1, 0, 9, 0, 0, 0, 0, 0, 9, 0, 0, 0, 0, 17]
[9, 9, 9, 9, 9, 9, 9, 0, 9, 9, 11, 9, 9, 0, 0, 9, 2, 9, 9, 0, 10, 0, 1, 0, 9, 0, 0, 0, 0, 0, 9, 0, 0, 0, 0, 17, 9, 9, 9, 9, 9, 9]
[9, 9, 9, 9, 9, 9, 9, 9, 0, 9, 9, 11, 9, 9, 9, 0, 0, 9, 2, 9, 9, 9, 0, 0, 10, 1, 0, 9, 9, 0, 0, 0, 0, 0, 9, 9, 0, 0, 0, 0, 17, 9, 9, 9, 9, 9, 9, 9, 9]
[9, 9, 9, 9, 9, 9, 9, 0, 9, 9, 11, 9, 9, 0, 0, 9, 9, 9, 9, 0, 10, 0, 2, 0, 9, 0, 0, 0, 0, 0, 9, 0, 0, 0, 0, 17, 9, 9, 9, 9, 9, 9]
[9, 9, 9, 9, 9, 9, 9, 9, 0, 0, 9, 9, 9, 9, 9, 0, 9, 9, 11, 9, 9, 9, 0, 0, 10, 9, 9, 9, 9, 0, 0, 0, 2, 0, 9, 9, 0, 0, 0, 0, 17, 9, 9, 9, 9, 9, 9, 9, 9]
[9, 0, 0, 1, 9, 1, 9, 9, 0, 0, 9, 9, 9, 9, 9, 0, 9, 9, 11, 9, 9, 9, 0, 0, 10, 9, 9, 9, 9, 0, 0, 0, 2, 17, 9, 9, 9, 9, 9, 9, 9, 9]
[9, 0, 0, 1, 9, 9, 9, 9, 0, 0, 9, 9, 11, 9, 9, 0, 0, 0, 9, 9, 9, 9, 0, 0, 10, 2, 17, 9, 9, 9, 9, 9, 9, 9, 9]
[0, 0, 1, 0, 9, 9, 0, 0, 0, 9, 9, 9, 0, 0, 9, 9, 11, 9, 0, 0, 0, 10, 17, 9, 9, 9, 9, 9, 9, 9]
[9, 9, 9, 9, 9, 9, 10, 9, 9, 11, 9, 0, 1, 9, 2, 9, 0, 0, 0, 1, 9, 0, 0, 0, 0]
[9, 9, 9, 9, 9, 9, 0, 9, 9, 11, 9, 10, 1, 9, 2, 9, 0, 0, 0, 1, 9, 0, 0, 0, 0, 9, 0, 0, 0, 0]
[9, 9, 9, 9, 9, 9, 9, 0, 9, 9, 11, 9, 9, 0, 10, 9, 2, 9, 9, 0, 0, 0, 1, 0, 9, 0, 0, 0, 0, 0, 9, 0, 0, 0, 0, 17]
[9, 9, 9, 9, 9, 9, 9, 0, 9, 9, 11, 9, 9, 0, 0, 9, 2, 9, 9, 0, 10, 0, 1, 0, 9, 0, 0, 0, 0, 0, 9, 0, 0, 0, 0, 17, 9, 9, 9, 9, 9, 9]
[9, 9, 9, 9, 9, 9, 9, 9, 0, 9, 9, 11, 9, 9, 9, 0, 0, 9, 2, 9, 9, 9, 0, 0, 10, 1, 0, 9, 9, 0, 0, 0, 0, 0, 9, 9, 0, 0, 0, 0, 17, 9, 9, 9, 9, 9, 9, 9, 9]
[9, 9, 9, 9, 9, 9, 9, 0, 9, 9, 11, 9, 9, 0, 0, 9, 9, 9, 9, 0, 10, 0, 2, 0, 9, 0, 0, 0, 0, 0, 9, 0, 0, 0, 0, 17, 9, 9, 9, 9, 9, 9]
[9, 9, 9, 9, 9, 9, 9, 9, 0, 0, 9, 9, 9, 9, 9, 0, 9, 9, 11, 9, 9, 9, 0, 0, 10, 9, 9, 9, 9, 0, 0, 0, 2, 0, 9, 9, 0, 0, 0, 0, 17, 9, 9, 9, 9, 9, 9, 9, 9]
[9, 0, 0, 1, 9, 1, 9, 9, 0, 0, 9, 9, 9, 9, 9, 0, 9, 9, 11, 9, 9, 9, 0, 0, 10, 9, 9, 9, 9, 0, 0, 0, 2, 17, 9, 9, 9, 9, 9, 9, 9, 9]
[9, 0, 0, 1, 9, 9, 9, 9, 0, 0, 9, 9, 11, 9, 9, 0, 0, 0, 9, 9, 9, 9, 0, 0, 10, 2, 17, 9, 9, 9, 9, 9, 9, 9, 9]
[0, 0, 1, 0, 9, 9, 0, 0, 0, 9, 9, 9, 0, 0, 9, 9, 11, 9, 0, 0, 0, 10, 17, 9, 9, 9, 9, 9, 9, 9]
[9, 9, 9, 9, 9, 9, 10, 9, 9, 11, 9, 0, 1, 9, 2, 9, 0, 0, 0, 1, 9, 0, 0, 0, 0]
[9, 9, 9, 9, 9, 9, 0, 9, 9, 11, 9, 10, 1, 9, 2, 9, 0, 0, 0, 1, 9, 0, 0, 0, 0, 9, 0, 0, 0, 0]
[9, 9, 9, 9, 9, 9, 9, 0, 9, 9, 11, 9, 9, 0, 10, 9, 2, 9, 9, 0, 0, 0, 1, 0, 9, 0, 0, 0, 0, 0, 9, 0, 0, 0, 0, 17]
[9, 9, 9, 9, 9, 9, 9, 0, 9, 9, 11, 9, 9, 0, 0, 9, 2, 9, 9, 0, 10, 0, 1, 0, 9, 0, 0, 0, 0, 0, 9, 0, 0, 0, 0, 17, 9, 9, 9, 9, 9, 9]
[9, 9, 9, 9, 9, 9, 9, 9, 0, 9, 9, 11, 9, 9, 9, 0, 0, 9, 2, 9, 9, 9, 0, 0, 10, 1, 0, 9, 9, 0, 0, 0, 0, 0, 9, 9, 0, 0, 0, 0, 17, 9, 9, 9, 9, 9, 9, 9, 9]
[9, 9, 9, 9, 9, 9, 9, 0, 9, 9, 11, 9, 9, 0, 0, 9, 9, 9, 9, 0, 10, 0, 2, 0, 9, 0, 0, 0, 0, 0, 9, 0, 0, 0, 0, 17, 9, 9, 9, 9, 9, 9]
[9, 9, 9, 9, 9, 9, 9, 9, 0, 0, 9, 9, 9, 9, 9, 0, 9, 9, 11, 9, 9, 9, 0, 0, 10, 9, 9, 9, 9, 0, 0, 0, 2, 0, 9, 9, 0, 0, 0, 0, 17, 9, 9, 9, 9, 9, 9, 9, 9]
[9, 0, 0, 1, 9, 1, 9, 9, 0, 0, 9, 9, 9, 9, 9, 0, 9, 9, 11, 9, 9, 9, 0, 0, 10, 9, 9, 9, 9, 0, 0, 0, 2, 17, 9, 9, 9, 9, 9, 9, 9, 9]
[9, 0, 0, 1, 9, 9, 9, 9, 0, 0, 9, 9, 11, 9, 9, 0, 0, 0, 9, 9, 9, 9, 0, 0, 10, 2, 17, 9, 9, 9, 9, 9, 9, 9, 9]
[0, 0, 1, 0, 9, 9, 0, 0, 0, 9, 9, 9, 0, 0, 9, 9, 11, 9, 0, 0, 0, 10, 17, 9, 9, 9, 9, 9, 9, 9]
[9, 9, 9, 9, 9, 9, 10, 9, 9, 11, 9, 0, 1, 9, 2, 9, 0, 0, 0, 1, 9, 0, 0, 0, 0]
[9, 9, 9, 9, 9, 9, 0, 9, 9, 11, 9, 10, 1, 9, 2, 9, 0, 0, 0, 1, 9, 0, 0, 0, 0, 9, 0, 0, 0, 0]
[9, 9, 9, 9, 9, 9, 9, 0, 9, 9, 11, 9, 9, 0, 10, 9, 2, 9, 9, 0, 0, 0, 1, 0, 9, 0, 0, 0, 0, 0, 9, 0, 0, 0, 0, 17]
[9, 9, 9, 9, 9, 9, 9, 0, 9, 9, 11, 9, 9, 0, 0, 9, 2, 9, 9, 0, 10, 0, 1, 0, 9, 0, 0, 0, 0, 0, 9, 0, 0, 0, 0, 17, 9, 9, 9, 9, 9, 9]
[9, 9, 9, 9, 9, 9, 9, 9, 0, 9, 9, 11, 9, 9, 9, 0, 0, 9, 2, 9, 9, 9, 0, 0, 10, 1, 0, 9, 9, 0, 0, 0, 0, 0, 9, 9, 0, 0, 0, 0, 17, 9, 9, 9, 9, 9, 9, 9, 9]
[9, 9, 9, 9, 9, 9, 9, 0, 9, 9, 11, 9, 9, 0, 0, 9, 9, 9, 9, 0, 10, 0, 2, 0, 9, 0, 0, 0, 0, 0, 9, 0, 0, 0, 0, 17, 9, 9, 9, 9, 9, 9]
[9, 9, 9, 9, 9, 9, 9, 9, 0, 0, 9, 9, 9, 9, 9, 0, 9, 9, 11, 9, 9, 9, 0, 0, 10, 9, 9, 9, 9, 0, 0, 0, 2, 0, 9, 9, 0, 0, 0, 0, 17, 9, 9, 9, 9, 9, 9, 9, 9]
[9, 0, 0, 1, 9, 1, 9, 9, 0, 0, 9, 9, 9, 9, 9, 0, 9, 9, 11, 9, 9, 9, 0, 0, 10, 9, 9, 9, 9, 0, 0, 0, 2, 17, 9, 9, 9, 9, 9, 9, 9, 9]
[9, 0, 0, 1, 9, 9, 9, 9, 0, 0, 9, 9, 11, 9, 9, 0, 0, 0, 9, 9, 9, 9, 0, 0, 10, 2, 17, 9, 9, 9, 9, 9, 9, 9, 9]
[0, 0, 1, 0, 9, 9, 0, 0, 0, 9, 9, 9, 0, 0, 9, 9, 11, 9, 0, 0, 0, 10, 17, 9, 9, 9, 9, 9, 9, 9]
[9, 9, 9, 9, 9, 9, 10, 9, 9, 11, 9, 0, 1, 9, 2, 9, 0, 0, 0, 1, 9, 0, 0, 0, 0]
[9, 9, 9, 9, 9, 9, 0, 9, 9, 11, 9, 10, 1, 9, 2, 9, 0, 0, 0, 1, 9, 0, 0, 0, 0, 9, 0, 0, 0, 0]
[9, 9, 9, 9, 9, 9, 9, 0, 9, 9, 11, 9, 9, 0, 10, 9, 2, 9, 9, 0, 0, 0, 1, 0, 9, 0, 0, 0, 0, 0, 9, 0, 0, 0, 0, 17]
[9, 9, 9, 9, 9, 9, 9, 0, 9, 9, 11, 9, 9, 0, 0, 9, 2, 9, 9, 0, 10, 0, 1, 0, 9, 0, 0, 0, 0, 0, 9, 0, 0, 0, 0, 17, 9, 9, 9, 9, 9, 9]
[9, 9, 9, 9, 9, 9, 9, 9, 0, 9, 9, 11, 9, 9, 9, 0, 0, 9, 2, 9, 9, 9, 0, 0, 10, 1, 0, 9, 9, 0, 0, 0, 0, 0, 9, 9, 0, 0, 0, 0, 17, 9, 9, 9, 9, 9, 9, 9, 9]
[9, 9, 9, 9, 9, 9, 9, 0, 9, 9, 11, 9, 9, 0, 0, 9, 9, 9, 9, 0, 10, 0, 2, 0, 9, 0, 0, 0, 0, 0, 9, 0, 0, 0, 0, 17, 9, 9, 9, 9, 9, 9]
[9, 9, 9, 9, 9, 9, 9, 9, 0, 0, 9, 9, 9, 9, 9, 0, 9, 9, 11, 9, 9, 9, 0, 0, 10, 9, 9, 9, 9, 0, 0, 0, 2, 0, 9, 9, 0, 0, 0, 0, 17, 9, 9, 9, 9, 9, 9, 9, 9]
[9, 0, 0, 1, 9, 1, 9, 9, 0, 0, 9, 9, 9, 9, 9, 0, 9, 9, 11, 9, 9, 9, 0, 0, 10, 9, 9, 9, 9, 0, 0, 0, 2, 17, 9, 9, 9, 9, 9, 9, 9, 9]
[9, 0, 0, 1, 9, 9, 9, 9, 0, 0, 9, 9, 11, 9, 9, 0, 0, 0, 9, 9, 9, 9, 0, 0, 10, 2, 17, 9, 9, 9, 9, 9, 9, 9, 9]
[0, 0, 1, 0, 9, 9, 0, 0, 0, 9, 9, 9, 0, 0, 9, 9, 11, 9, 0, 0, 0, 10, 17, 9, 9, 9, 9, 9, 9, 9]
[9, 9, 9, 9, 9, 9, 10, 9, 9, 11, 9, 0, 1, 9, 2, 9, 0, 0, 0, 1, 9, 0, 0, 0, 0]
[9, 9, 9, 9, 9, 9, 0, 9, 9, 11, 9, 10, 1, 9, 2, 9, 0, 0, 0, 1, 9, 0, 0, 0, 0, 9, 0, 0, 0, 0]
[9, 9, 9, 9, 9, 9, 9, 0, 9, 9, 11, 9, 9, 0, 10, 9, 2, 9, 9, 0, 0, 0, 1, 0, 9, 0, 0, 0, 0, 0, 9, 0, 0, 0, 0, 17]
[9, 9, 9, 9, 9, 9, 9, 0, 9, 9, 11, 9, 9, 0, 0, 9, 2, 9, 9, 0, 10, 0, 1, 0, 9, 0, 0, 0, 0, 0, 9, 0, 0, 0, 0, 17, 9, 9, 9, 9, 9, 9]
[9, 9, 9, 9, 9, 9, 9, 9, 0, 9, 9, 11, 9, 9, 9, 0, 0, 9, 2, 9, 9, 9, 0, 0, 10, 1, 0, 9, 9, 0, 0, 0, 0, 0, 9, 9, 0, 0, 0, 0, 17, 9, 9, 9, 9, 9, 9, 9, 9]
[9, 9, 9, 9, 9, 9, 9, 0, 9, 9, 11, 9, 9, 0, 0, 9, 9, 9, 9, 0, 10, 0, 2, 0, 9, 0, 0, 0, 0, 0, 9, 0, 0, 0, 0, 17, 9, 9, 9, 9, 9, 9]
[9, 9, 9, 9, 9, 9, 9, 9, 0, 0, 9, 9, 9, 9, 9, 0, 9, 9, 11, 9, 9, 9, 0, 0, 10, 9, 9, 9, 9, 0, 0, 0, 2, 0, 9, 9, 0, 0, 0, 0, 17, 9, 9, 9, 9, 9, 9, 9, 9]
[9, 0, 0, 1, 9, 1, 9, 9, 0, 0, 9, 9, 9, 9, 9, 0, 9, 9, 11, 9, 9, 9, 0, 0, 10, 9, 9, 9, 9, 0, 0, 0, 2, 17, 9, 9, 9, 9, 9, 9, 9, 9]
[9, 0, 0, 1, 9, 9, 9, 9, 0, 0, 9, 9, 11, 9, 9, 0, 0, 0, 9, 9, 9, 9, 0, 0, 10, 2, 17, 9, 9, 9, 9, 9, 9, 9, 9]
[0, 0, 1, 0, 9, 9, 0, 0, 0, 9, 9, 9, 0, 0, 9, 9, 11, 9, 0, 0, 0, 10, 17, 9, 9, 9, 9, 9, 9, 9]
[9, 9, 9, 9, 9, 9, 9, 9, 10, 9, 9, 11, 9, 9, 9, 0, 1, 9, 2, 9, 9, 9, 0, 0, 0, 1, 0, 9, 9, 0, 0, 0, 0, 0, 9, 9, 0, 0, 0, 0, 17, 9, 9, 9, 9, 9, 9, 9, 9]
[9, 9, 9, 9, 9, 9, 9, 9, 0, 9, 9, 11, 9, 9, 9, 10, 1, 9, 2, 9, 9, 9, 0, 0, 0, 1, 0, 9, 9, 0, 0, 0, 0, 0, 9, 9, 0, 0, 0, 0, 17, 9, 9, 9, 9, 9, 9, 9, 9]
[9, 9, 9, 9, 9, 9, 9, 9, 0, 9, 9, 11, 9, 9, 9, 0, 10, 9, 2, 9, 9, 9, 0, 0, 0, 1, 0, 9, 9, 0, 0, 0, 0, 0, 9, 9, 0, 0, 0, 0, 17, 9, 9, 9, 9, 9, 9, 9, 9]
[9, 9, 9, 9, 9, 9, 9, 9, 0, 9, 9, 11, 9, 9, 9, 0, 0, 9, 2, 9, 9, 9, 0, 10, 0, 1, 0, 9, 9, 0, 0, 0, 0, 0, 9, 9, 0, 0, 0, 0, 17, 9, 9, 9, 9, 9, 9, 9, 9]
[9, 9, 9, 9, 9, 9, 9, 9, 0, 9, 9, 11, 9, 9, 9, 0, 0, 9, 2, 9, 9, 9, 0, 0, 10, 1, 0, 9, 9, 0, 0, 0, 0, 0, 9, 9, 0, 0, 0, 0, 17, 9, 9, 9, 9, 9, 9, 9, 9]
[9, 9, 9, 9, 9, 9, 9, 9, 0, 9, 9, 11, 9, 9, 9, 0, 0, 9, 9, 9, 9, 9, 0, 10, 0, 2, 0, 9, 9, 0, 0, 0, 0, 0, 9, 9, 0, 0, 0, 0, 17, 9, 9, 9, 9, 9, 9, 9, 9]
[9, 9, 9, 9, 9, 9, 9, 9, 0, 0, 9, 9, 9, 9, 9, 0, 9, 9, 11, 9, 9, 9, 0, 0, 10, 9, 9, 9, 9, 0, 0, 0, 2, 0, 9, 9, 0, 0, 0, 0, 17, 9, 9, 9, 9, 9, 9, 9, 9]
[9, 9, 9, 9, 9, 9, 9, 9, 0, 0, 1, 9, 1, 9, 9, 0, 0, 9, 9, 9, 9, 9, 0, 9, 9, 11, 9, 9, 9, 0, 0, 10, 9, 9, 9, 9, 0, 0, 0, 2, 17, 9, 9, 9, 9, 9, 9, 9, 9]
[9, 9, 9, 9, 9, 9, 9, 9, 0, 0, 1, 0, 9, 9, 9, 0, 0, 1, 9, 9, 9, 9, 0, 0, 9, 9, 11, 9, 9, 0, 0, 0, 9, 9, 9, 9, 0, 0, 10, 2, 17, 9, 9, 9, 9, 9, 9, 9, 9]
[9, 9, 9, 9, 9, 9, 9, 9, 0, 0, 1, 0, 1, 9, 9, 0, 0, 1, 0, 9, 9, 9, 0, 0, 0, 9, 9, 9, 9, 0, 0, 9, 9, 11, 9, 9, 0, 0, 0, 10, 17, 9, 9, 9, 9, 9, 9, 9, 9]
[9, 9, 9, 9, 9, 9, 9, 9, 10, 9, 9, 11, 9, 9, 9, 0, 1, 9, 2, 9, 9, 9, 0, 0, 0, 1, 0, 9, 9, 0, 0, 0, 0, 0, 9, 9, 0, 0, 0, 0, 17, 9, 9, 9, 9, 9, 9, 9, 9]
[9, 9, 9, 9, 9, 9, 9, 9, 0, 9, 9, 11, 9, 9, 9, 10, 1, 9, 2, 9, 9, 9, 0, 0, 0, 1, 0, 9, 9, 0, 0, 0, 0, 0, 9, 9, 0, 0, 0, 0, 17, 9, 9, 9, 9, 9, 9, 9, 9]
[9, 9, 9, 9, 9, 9, 9, 9, 0, 9, 9, 11, 9, 9, 9, 0, 10, 9, 2, 9, 9, 9, 0, 0, 0, 1, 0, 9, 9, 0, 0, 0, 0, 0, 9, 9, 0, 0, 0, 0, 17, 9, 9, 9, 9, 9, 9, 9, 9]
[9, 9, 9, 9, 9, 9, 9, 9, 0, 9, 9, 11, 9, 9, 9, 0, 0, 9, 2, 9, 9, 9, 0, 10, 0, 1, 0, 9, 9, 0, 0, 0, 0, 0, 9, 9, 0, 0, 0, 0, 17, 9, 9, 9, 9, 9, 9, 9, 9]
[9, 9, 9, 9, 9, 9, 9, 9, 0, 9, 9, 11, 9, 9, 9, 0, 0, 9, 2, 9, 9, 9, 0, 0, 10, 1, 0, 9, 9, 0, 0, 0, 0, 0, 9, 9, 0, 0, 0, 0, 17, 9, 9, 9, 9, 9, 9, 9, 9]
[9, 9, 9, 9, 9, 9, 9, 9, 0, 9, 9, 11, 9, 9, 9, 0, 0, 9, 9, 9, 9, 9, 0, 10, 0, 2, 0, 9, 9, 0, 0, 0, 0, 0, 9, 9, 0, 0, 0, 0, 17, 9, 9, 9, 9, 9, 9, 9, 9]
[9, 9, 9, 9, 9, 9, 9, 9, 0, 0, 9, 9, 9, 9, 9, 0, 9, 9, 11, 9, 9, 9, 0, 0, 10, 9, 9, 9, 9, 0, 0, 0, 2, 0, 9, 9, 0, 0, 0, 0, 17, 9, 9, 9, 9, 9, 9, 9, 9]
[9, 9, 9, 9, 9, 9, 9, 9, 0, 0, 1, 9, 1, 9, 9, 0, 0, 9, 9, 9, 9, 9, 0, 9, 9, 11, 9, 9, 9, 0, 0, 10, 9, 9, 9, 9, 0, 0, 0, 2, 17, 9, 9, 9, 9, 9, 9, 9, 9]
[9, 9, 9, 9, 9, 9, 9, 9, 0, 0, 1, 0, 9, 9, 9, 0, 0, 1, 9, 9, 9, 9, 0, 0, 9, 9, 11, 9, 9, 0, 0, 0, 9, 9, 9, 9, 0, 0, 10, 2, 17, 9, 9, 9, 9, 9, 9, 9, 9]
[9, 9, 9, 9, 9, 9, 9, 9, 0, 0, 1, 0, 1, 9, 9, 0, 0, 1, 0, 9, 9, 9, 0, 0, 0, 9, 9, 9, 9, 0, 0, 9, 9, 11, 9, 9, 0, 0, 0, 10, 17, 9, 9, 9, 9, 9, 9, 9, 9]
[9, 9, 9, 9, 9, 9, 9, 9, 10, 9, 9, 11, 9, 9, 9, 0, 1, 9, 2, 9, 9, 9, 0, 0, 0, 1, 0, 9, 9, 0, 0, 0, 0, 0, 9, 9, 0, 0, 0, 0, 17, 9, 9, 9, 9, 9, 9, 9, 9]
[9, 9, 9, 9, 9, 9, 9, 9, 0, 9, 9, 11, 9, 9, 9, 10, 1, 9, 2, 9, 9, 9, 0, 0, 0, 1, 0, 9, 9, 0, 0, 0, 0, 0, 9, 9, 0, 0, 0, 0, 17, 9, 9, 9, 9, 9, 9, 9, 9]
[9, 9, 9, 9, 9, 9, 9, 9, 0, 9, 9, 11, 9, 9, 9, 0, 10, 9, 2, 9, 9, 9, 0, 0, 0, 1, 0, 9, 9, 0, 0, 0, 0, 0, 9, 9, 0, 0, 0, 0, 17, 9, 9, 9, 9, 9, 9, 9, 9]
[9, 9, 9, 9, 9, 9, 9, 9, 0, 9, 9, 11, 9, 9, 9, 0, 0, 9, 2, 9, 9, 9, 0, 10, 0, 1, 0, 9, 9, 0, 0, 0, 0, 0, 9, 9, 0, 0, 0, 0, 17, 9, 9, 9, 9, 9, 9, 9, 9]
[9, 9, 9, 9, 9, 9, 9, 9, 0, 9, 9, 11, 9, 9, 9, 0, 0, 9, 2, 9, 9, 9, 0, 0, 10, 1, 0, 9, 9, 0, 0, 0, 0, 0, 9, 9, 0, 0, 0, 0, 17, 9, 9, 9, 9, 9, 9, 9, 9]
[9, 9, 9, 9, 9, 9, 9, 9, 0, 9, 9, 11, 9, 9, 9, 0, 0, 9, 9, 9, 9, 9, 0, 10, 0, 2, 0, 9, 9, 0, 0, 0, 0, 0, 9, 9, 0, 0, 0, 0, 17, 9, 9, 9, 9, 9, 9, 9, 9]
[9, 9, 9, 9, 9, 9, 9, 9, 0, 0, 9, 9, 9, 9, 9, 0, 9, 9, 11, 9, 9, 9, 0, 0, 10, 9, 9, 9, 9, 0, 0, 0, 2, 0, 9, 9, 0, 0, 0, 0, 17, 9, 9, 9, 9, 9, 9, 9, 9]
[9, 9, 9, 9, 9, 9, 9, 9, 0, 0, 1, 9, 1, 9, 9, 0, 0, 9, 9, 9, 9, 9, 0, 9, 9, 11, 9, 9, 9, 0, 0, 10, 9, 9, 9, 9, 0, 0, 0, 2, 17, 9, 9, 9, 9, 9, 9, 9, 9]
[9, 9, 9, 9, 9, 9, 9, 9, 0, 0, 1, 0, 9, 9, 9, 0, 0, 1, 9, 9, 9, 9, 0, 0, 9, 9, 11, 9, 9, 0, 0, 0, 9, 9, 9, 9, 0, 0, 10, 2, 17, 9, 9, 9, 9, 9, 9, 9, 9]
[9, 9, 9, 9, 9, 9, 9, 9, 0, 0, 1, 0, 1, 9, 9, 0, 0, 1, 0, 9, 9, 9, 0, 0, 0, 9, 9, 9, 9, 0, 0, 9, 9, 11, 9, 9, 0, 0, 0, 10, 17, 9, 9, 9, 9, 9, 9, 9, 9]
[9, 9, 9, 9, 9, 9, 9, 9, 10, 9, 9, 11, 9, 9, 9, 0, 1, 9, 2, 9, 9, 9, 0, 0, 0, 1, 0, 9, 9, 0, 0, 0, 0, 0, 9, 9, 0, 0, 0, 0, 17, 9, 9, 9, 9, 9, 9, 9, 9]
[9, 9, 9, 9, 9, 9, 9, 9, 0, 9, 9, 11, 9, 9, 9, 10, 1, 9, 2, 9, 9, 9, 0, 0, 0, 1, 0, 9, 9, 0, 0, 0, 0, 0, 9, 9, 0, 0, 0, 0, 17, 9, 9, 9, 9, 9, 9, 9, 9]
[9, 9, 9, 9, 9, 9, 9, 9, 0, 9, 9, 11, 9, 9, 9, 0, 10, 9, 2, 9, 9, 9, 0, 0, 0, 1, 0, 9, 9, 0, 0, 0, 0, 0, 9, 9, 0, 0, 0, 0, 17, 9, 9, 9, 9, 9, 9, 9, 9]
[9, 9, 9, 9, 9, 9, 9, 9, 0, 9, 9, 11, 9, 9, 9, 0, 0, 9, 2, 9, 9, 9, 0, 10, 0, 1, 0, 9, 9, 0, 0, 0, 0, 0, 9, 9, 0, 0, 0, 0, 17, 9, 9, 9, 9, 9, 9, 9, 9]
[9, 9, 9, 9, 9, 9, 9, 9, 0, 9, 9, 11, 9, 9, 9, 0, 0, 9, 2, 9, 9, 9, 0, 0, 10, 1, 0, 9, 9, 0, 0, 0, 0, 0, 9, 9, 0, 0, 0, 0, 17, 9, 9, 9, 9, 9, 9, 9, 9]
[9, 9, 9, 9, 9, 9, 9, 9, 0, 9, 9, 11, 9, 9, 9, 0, 0, 9, 9, 9, 9, 9, 0, 10, 0, 2, 0, 9, 9, 0, 0, 0, 0, 0, 9, 9, 0, 0, 0, 0, 17, 9, 9, 9, 9, 9, 9, 9, 9]
[9, 9, 9, 9, 9, 9, 9, 9, 0, 0, 9, 9, 9, 9, 9, 0, 9, 9, 11, 9, 9, 9, 0, 0, 10, 9, 9, 9, 9, 0, 0, 0, 2, 0, 9, 9, 0, 0, 0, 0, 17, 9, 9, 9, 9, 9, 9, 9, 9]
[9, 9, 9, 9, 9, 9, 9, 9, 0, 0, 1, 9, 1, 9, 9, 0, 0, 9, 9, 9, 9, 9, 0, 9, 9, 11, 9, 9, 9, 0, 0, 10, 9, 9, 9, 9, 0, 0, 0, 2, 17, 9, 9, 9, 9, 9, 9, 9, 9]
[9, 9, 9, 9, 9, 9, 9, 9, 0, 0, 1, 0, 9, 9, 9, 0, 0, 1, 9, 9, 9, 9, 0, 0, 9, 9, 11, 9, 9, 0, 0, 0, 9, 9, 9, 9, 0, 0, 10, 2, 17, 9, 9, 9, 9, 9, 9, 9, 9]
[9, 9, 9, 9, 9, 9, 9, 9, 0, 0, 1, 0, 1, 9, 9, 0, 0, 1, 0, 9, 9, 9, 0, 0, 0, 9, 9, 9, 9, 0, 0, 9, 9, 11, 9, 9, 0, 0, 0, 10, 17, 9, 9, 9, 9, 9, 9, 9, 9]
[9, 9, 9, 9, 9, 9, 10, 9, 9, 11, 9, 0, 1, 9, 2, 9, 0, 0, 0, 1, 9, 0, 0, 0, 0]
[9, 9, 9, 9, 9, 9, 0, 9, 9, 11, 9, 10, 1, 9, 2, 9, 0, 0, 0, 1, 9, 0, 0, 0, 0, 9, 0, 0, 0, 0]
[9, 9, 9, 9, 9, 9, 9, 0, 9, 9, 11, 9, 9, 0, 10, 9, 2, 9, 9, 0, 0, 0, 1, 0, 9, 0, 0, 0, 0, 0, 9, 0, 0, 0, 0, 17]
[9, 9, 9, 9, 9, 9, 9, 0, 9, 9, 11, 9, 9, 0, 0, 9, 2, 9, 9, 0, 10, 0, 1, 0, 9, 0, 0, 0, 0, 0, 9, 0, 0, 0, 0, 17, 9, 9, 9, 9, 9, 9]
[9, 9, 9, 9, 9, 9, 9, 9, 0, 9, 9, 11, 9, 9, 9, 0, 0, 9, 2, 9, 9, 9, 0, 0, 10, 1, 0, 9, 9, 0, 0, 0, 0, 0, 9, 9, 0, 0, 0, 0, 17, 9, 9, 9, 9, 9, 9, 9, 9]
[9, 9, 9, 9, 9, 9, 9, 0, 9, 9, 11, 9, 9, 0, 0, 9, 9, 9, 9, 0, 10, 0, 2, 0, 9, 0, 0, 0, 0, 0, 9, 0, 0, 0, 0, 17, 9, 9, 9, 9, 9, 9]
[9, 9, 9, 9, 9, 9, 9, 9, 0, 0, 9, 9, 9, 9, 9, 0, 9, 9, 11, 9, 9, 9, 0, 0, 10, 9, 9, 9, 9, 0, 0, 0, 2, 0, 9, 9, 0, 0, 0, 0, 17, 9, 9, 9, 9, 9, 9, 9, 9]
[9, 0, 0, 1, 9, 1, 9, 9, 0, 0, 9, 9, 9, 9, 9, 0, 9, 9, 11, 9, 9, 9, 0, 0, 10, 9, 9, 9, 9, 0, 0, 0, 2, 17, 9, 9, 9, 9, 9, 9, 9, 9]
[9, 0, 0, 1, 9, 9, 9, 9, 0, 0, 9, 9, 11, 9, 9, 0, 0, 0, 9, 9, 9, 9, 0, 0, 10, 2, 17, 9, 9, 9, 9, 9, 9, 9, 9]
[0, 0, 1, 0, 9, 9, 0, 0, 0, 9, 9, 9, 0, 0, 9, 9, 11, 9, 0, 0, 0, 10, 17, 9, 9, 9, 9, 9, 9, 9]
[9, 9, 9, 9, 9, 9, 10, 9, 9, 11, 9, 0, 1, 9, 2, 9, 0, 0, 0, 1, 9, 0, 0, 0, 0]
[9, 9, 9, 9, 9, 9, 0, 9, 9, 11, 9, 10, 1, 9, 2, 9, 0, 0, 0, 1, 9, 0, 0, 0, 0, 9, 0, 0, 0, 0]
[9, 9, 9, 9, 9, 9, 9, 0, 9, 9, 11, 9, 9, 0, 10, 9, 2, 9, 9, 0, 0, 0, 1, 0, 9, 0, 0, 0, 0, 0, 9, 0, 0, 0, 0, 17]
[9, 9, 9, 9, 9, 9, 9, 0, 9, 9, 11, 9, 9, 0, 0, 9, 2, 9, 9, 0, 10, 0, 1, 0, 9, 0, 0, 0, 0, 0, 9, 0, 0, 0, 0, 17, 9, 9, 9, 9, 9, 9]
[9, 9, 9, 9, 9, 9, 9, 9, 0, 9, 9, 11, 9, 9, 9, 0, 0, 9, 2, 9, 9, 9, 0, 0, 10, 1, 0, 9, 9, 0, 0, 0, 0, 0, 9, 9, 0, 0, 0, 0, 17, 9, 9, 9, 9, 9, 9, 9, 9]
[9, 9, 9, 9, 9, 9, 9, 0, 9, 9, 11, 9, 9, 0, 0, 9, 9, 9, 9, 0, 10, 0, 2, 0, 9, 0, 0, 0, 0, 0, 9, 0, 0, 0, 0, 17, 9, 9, 9, 9, 9, 9]
[9, 9, 9, 9, 9, 9, 9, 9, 0, 0, 9, 9, 9, 9, 9, 0, 9, 9, 11, 9, 9, 9, 0, 0, 10, 9, 9, 9, 9, 0, 0, 0, 2, 0, 9, 9, 0, 0, 0, 0, 17, 9, 9, 9, 9, 9, 9, 9, 9]
[9, 0, 0, 1, 9, 1, 9, 9, 0, 0, 9, 9, 9, 9, 9, 0, 9, 9, 11, 9, 9, 9, 0, 0, 10, 9, 9, 9, 9, 0, 0, 0, 2, 17, 9, 9, 9, 9, 9, 9, 9, 9]
[9, 0, 0, 1, 9, 9, 9, 9, 0, 0, 9, 9, 11, 9, 9, 0, 0, 0, 9, 9, 9, 9, 0, 0, 10, 2, 17, 9, 9, 9, 9, 9, 9, 9, 9]
[9, 9, 9, 9, 9, 9, 10, 9, 9, 11, 9, 0, 1, 9, 2, 9, 0, 0, 0, 1, 9, 0, 0, 0, 0]
[9, 9, 9, 9, 9, 9, 0, 9, 9, 11, 9, 10, 1, 9, 2, 9, 0, 0, 0, 1, 9, 0, 0, 0, 0, 9, 0, 0, 0, 0]
[9, 9, 9, 9, 9, 9, 9, 0, 9, 9, 11, 9, 9, 0, 10, 9, 2, 9, 9, 0, 0, 0, 1, 0, 9, 0, 0, 0, 0, 0, 9, 0, 0, 0, 0, 17]
[9, 9, 9, 9, 9, 9, 9, 0, 9, 9, 11, 9, 9, 0, 0, 9, 2, 9, 9, 0, 10, 0, 1, 0, 9, 0, 0, 0, 0, 0, 9, 0, 0, 0, 0, 17, 9, 9, 9, 9, 9, 9]
[9, 9, 9, 9, 9, 9, 9, 9, 0, 9, 9, 11, 9, 9, 9, 0, 0, 9, 2, 9, 9, 9, 0, 0, 10, 1, 0, 9, 9, 0, 0, 0, 0, 0, 9, 9, 0, 0, 0, 0, 17, 9, 9, 9, 9, 9, 9, 9, 9]
[9, 9, 9, 9, 9, 9, 9, 0, 9, 9, 11, 9, 9, 0, 0, 9, 9, 9, 9, 0, 10, 0, 2, 0, 9, 0, 0, 0, 0, 0, 9, 0, 0, 0, 0, 17, 9, 9, 9, 9, 9, 9]
[9, 9, 9, 9, 9, 9, 9, 9, 0, 0, 9, 9, 9, 9, 9, 0, 9, 9, 11, 9, 9, 9, 0, 0, 10, 9, 9, 9, 9, 0, 0, 0, 2, 0, 9, 9, 0, 0, 0, 0, 17, 9, 9, 9, 9, 9, 9, 9, 9]
[9, 0, 0, 1, 9, 1, 9, 9, 0, 0, 9, 9, 9, 9, 9, 0, 9, 9, 11, 9, 9, 9, 0, 0, 10, 9, 9, 9, 9, 0, 0, 0, 2, 17, 9, 9, 9, 9, 9, 9, 9, 9]
[9, 0, 0, 1, 9, 9, 9, 9, 0, 0, 9, 9, 11, 9, 9, 0, 0, 0, 9, 9, 9, 9, 0, 0, 10, 2, 17, 9, 9, 9, 9, 9, 9, 9, 9]
[0, 0, 1, 0, 9, 9, 0, 0, 0, 9, 9, 9, 0, 0, 9, 9, 11, 9, 0, 0, 0, 10, 17, 9, 9, 9, 9, 9, 9, 9]
[9, 9, 9, 9, 9, 9, 10, 9, 9, 11, 9, 0, 1, 9, 2, 9, 0, 0, 0, 1, 9, 0, 0, 0, 0]
[9, 9, 9, 9, 9, 9, 0, 9, 9, 11, 9, 10, 1, 9, 2, 9, 0, 0, 0, 1, 9, 0, 0, 0, 0, 9, 0, 0, 0, 0]
[9, 9, 9, 9, 9, 9, 9, 0, 9, 9, 11, 9, 9, 0, 10, 9, 2, 9, 9, 0, 0, 0, 1, 0, 9, 0, 0, 0, 0, 0, 9, 0, 0, 0, 0, 17]
[9, 9, 9, 9, 9, 9, 9, 0, 9, 9, 11, 9, 9, 0, 0, 9, 2, 9, 9, 0, 10, 0, 1, 0, 9, 0, 0, 0, 0, 0, 9, 0, 0, 0, 0, 17, 9, 9, 9, 9, 9, 9]
[9, 9, 9, 9, 9, 9, 9, 9, 0, 9, 9, 11, 9, 9, 9, 0, 0, 9, 2, 9, 9, 9, 0, 0, 10, 1, 0, 9, 9, 0, 0, 0, 0, 0, 9, 9, 0, 0, 0, 0, 17, 9, 9, 9, 9, 9, 9, 9, 9]
[9, 9, 9, 9, 9, 9, 9, 0, 9, 9, 11, 9, 9, 0, 0, 9, 9, 9, 9, 0, 10, 0, 2, 0, 9, 0, 0, 0, 0, 0, 9, 0, 0, 0, 0, 17, 9, 9, 9, 9, 9, 9]
[9, 9, 9, 9, 9, 9, 9, 9, 0, 0, 9, 9, 9, 9, 9, 0, 9, 9, 11, 9, 9, 9, 0, 0, 10, 9, 9, 9, 9, 0, 0, 0, 2, 0, 9, 9, 0, 0, 0, 0, 17, 9, 9, 9, 9, 9, 9, 9, 9]
[9, 0, 0, 1, 9, 1, 9, 9, 0, 0, 9, 9, 9, 9, 9, 0, 9, 9, 11, 9, 9, 9, 0, 0, 10, 9, 9, 9, 9, 0, 0, 0, 2, 17, 9, 9, 9, 9, 9, 9, 9, 9]
[9, 0, 0, 1, 9, 9, 9, 9, 0, 0, 9, 9, 11, 9, 9, 0, 0, 0, 9, 9, 9, 9, 0, 0, 10, 2, 17, 9, 9, 9, 9, 9, 9, 9, 9]
[0, 0, 1, 0, 9, 9, 0, 0, 0, 9, 9, 9, 0, 0, 9, 9, 11, 9, 0, 0, 0, 10, 17, 9, 9, 9, 9, 9, 9, 9]
[9, 9, 9, 9, 9, 9, 10, 9, 9, 11, 9, 0, 1, 9, 2, 9, 0, 0, 0, 1, 9, 0, 0, 0, 0]
[9, 9, 9, 9, 9, 9, 0, 9, 9, 11, 9, 10, 1, 9, 2, 9, 0, 0, 0, 1, 9, 0, 0, 0, 0, 9, 0, 0, 0, 0]
[9, 9, 9, 9, 9, 9, 9, 0, 9, 9, 11, 9, 9, 0, 10, 9, 2, 9, 9, 0, 0, 0, 1, 0, 9, 0, 0, 0, 0, 0, 9, 0, 0, 0, 0, 17]
[9, 9, 9, 9, 9, 9, 9, 0, 9, 9, 11, 9, 9, 0, 0, 9, 2, 9, 9, 0, 10, 0, 1, 0, 9, 0, 0, 0, 0, 0, 9, 0, 0, 0, 0, 17, 9, 9, 9, 9, 9, 9]
[9, 9, 9, 9, 9, 9, 9, 9, 0, 9, 9, 11, 9, 9, 9, 0, 0, 9, 2, 9, 9, 9, 0, 0, 10, 1, 0, 9, 9, 0, 0, 0, 0, 0, 9, 9, 0, 0, 0, 0, 17, 9, 9, 9, 9, 9, 9, 9, 9]
[9, 9, 9, 9, 9, 9, 9, 9, 10, 9, 9, 11, 9, 9, 9, 0, 1, 9, 2, 9, 9, 9, 0, 0, 0, 1, 0, 9, 9, 0, 0, 0, 0, 0, 9, 9, 0, 0, 0, 0, 17, 9, 9, 9, 9, 9, 9, 9, 9]
[9, 9, 9, 9, 9, 9, 9, 9, 0, 9, 9, 11, 9, 9, 9, 10, 1, 9, 2, 9, 9, 9, 0, 0, 0, 1, 0, 9, 9, 0, 0, 0, 0, 0, 9, 9, 0, 0, 0, 0, 17, 9, 9, 9, 9, 9, 9, 9, 9]
[9, 9, 9, 9, 9, 9, 9, 9, 0, 9, 9, 11, 9, 9, 9, 0, 10, 9, 2, 9, 9, 9, 0, 0, 0, 1, 0, 9, 9, 0, 0, 0, 0, 0, 9, 9, 0, 0, 0, 0, 17, 9, 9, 9, 9, 9, 9, 9, 9]
[9, 9, 9, 9, 9, 9, 9, 9, 0, 9, 9, 11, 9, 9, 9, 0, 0, 9, 2, 9, 9, 9, 0, 10, 0, 1, 0, 9, 9, 0, 0, 0, 0, 0, 9, 9, 0, 0, 0, 0, 17, 9, 9, 9, 9, 9, 9, 9, 9]
[9, 9, 9, 9, 9, 9, 9, 9, 0, 9, 9, 11, 9, 9, 9, 0, 0, 9, 2, 9, 9, 9, 0, 0, 10, 1, 0, 9, 9, 0, 0, 0, 0, 0, 9, 9, 0, 0, 0, 0, 17, 9, 9, 9, 9, 9, 9, 9, 9]
[9, 9, 9, 9, 9, 9, 9, 9, 0, 9, 9, 11, 9, 9, 9, 0, 0, 9, 9, 9, 9, 9, 0, 10, 0, 2, 0, 9, 9, 0, 0, 0, 0, 0, 9, 9, 0, 0, 0, 0, 17, 9, 9, 9, 9, 9, 9, 9, 9]
[9, 9, 9, 9, 9, 9, 9, 9, 0, 0, 9, 9, 9, 9, 9, 0, 9, 9, 11, 9, 9, 9, 0, 0, 10, 9, 9, 9, 9, 0, 0, 0, 2, 0, 9, 9, 0, 0, 0, 0, 17, 9, 9, 9, 9, 9, 9, 9, 9]
[9, 9, 9, 9, 9, 9, 9, 9, 0, 0, 1, 9, 1, 9, 9, 0, 0, 9, 9, 9, 9, 9, 0, 9, 9, 11, 9, 9, 9, 0, 0, 10, 9, 9, 9, 9, 0, 0, 0, 2, 17, 9, 9, 9, 9, 9, 9, 9, 9]
[9, 9, 9, 9, 9, 9, 9, 9, 0, 0, 1, 0, 9, 9, 9, 0, 0, 1, 9, 9, 9, 9, 0, 0, 9, 9, 11, 9, 9, 0, 0, 0, 9, 9, 9, 9, 0, 0, 10, 2, 17, 9, 9, 9, 9, 9, 9, 9, 9]
[9, 9, 9, 9, 9, 9, 9, 9, 0, 0, 1, 0, 1, 9, 9, 0, 0, 1, 0, 9, 9, 9, 0, 0, 0, 9, 9, 9, 9, 0, 0, 9, 9, 11, 9, 9, 0, 0, 0, 10, 17, 9, 9, 9, 9, 9, 9, 9, 9]
[9, 9, 9, 9, 9, 9, 9, 9, 10, 9, 9, 11, 9, 9, 9, 0, 1, 9, 2, 9, 9, 9, 0, 0, 0, 1, 0, 9, 9, 0, 0, 0, 0, 0, 9, 9, 0, 0, 0, 0, 17, 9, 9, 9, 9, 9, 9, 9, 9]
[9, 9, 9, 9, 9, 9, 9, 9, 0, 9, 9, 11, 9, 9, 9, 10, 1, 9, 2, 9, 9, 9, 0, 0, 0, 1, 0, 9, 9, 0, 0, 0, 0, 0, 9, 9, 0, 0, 0, 0, 17, 9, 9, 9, 9, 9, 9, 9, 9]
[9, 9, 9, 9, 9, 9, 9, 9, 0, 9, 9, 11, 9, 9, 9, 0, 10, 9, 2, 9, 9, 9, 0, 0, 0, 1, 0, 9, 9, 0, 0, 0, 0, 0, 9, 9, 0, 0, 0, 0, 17, 9, 9, 9, 9, 9, 9, 9, 9]
[9, 9, 9, 9, 9, 9, 9, 9, 0, 9, 9, 11, 9, 9, 9, 0, 0, 9, 2, 9, 9, 9, 0, 10, 0, 1, 0, 9, 9, 0, 0, 0, 0, 0, 9, 9, 0, 0, 0, 0, 17, 9, 9, 9, 9, 9, 9, 9, 9]
[9, 9, 9, 9, 9, 9, 9, 9, 0, 9, 9, 11, 9, 9, 9, 0, 0, 9, 2, 9, 9, 9, 0, 0, 10, 1, 0, 9, 9, 0, 0, 0, 0, 0, 9, 9, 0, 0, 0, 0, 17, 9, 9, 9, 9, 9, 9, 9, 9]
[9, 9, 9, 9, 9, 9, 9, 9, 0, 9, 9, 11, 9, 9, 9, 0, 0, 9, 9, 9, 9, 9, 0, 10, 0, 2, 0, 9, 9, 0, 0, 0, 0, 0, 9, 9, 0, 0, 0, 0, 17, 9, 9, 9, 9, 9, 9, 9, 9]
[9, 9, 9, 9, 9, 9, 9, 9, 0, 0, 9, 9, 9, 9, 9, 0, 9, 9, 11, 9, 9, 9, 0, 0, 10, 9, 9, 9, 9, 0, 0, 0, 2, 0, 9, 9, 0, 0, 0, 0, 17, 9, 9, 9, 9, 9, 9, 9, 9]
[9, 9, 9, 9, 9, 9, 9, 9, 0, 0, 1, 9, 1, 9, 9, 0, 0, 9, 9, 9, 9, 9, 0, 9, 9, 11, 9, 9, 9, 0, 0, 10, 9, 9, 9, 9, 0, 0, 0, 2, 17, 9, 9, 9, 9, 9, 9, 9, 9]
[9, 9, 9, 9, 9, 9, 9, 9, 0, 0, 1, 0, 9, 9, 9, 0, 0, 1, 9, 9, 9, 9, 0, 0, 9, 9, 11, 9, 9, 0, 0, 0, 9, 9, 9, 9, 0, 0, 10, 2, 17, 9, 9, 9, 9, 9, 9, 9, 9]
[9, 9, 9, 9, 9, 9, 9, 9, 0, 0, 1, 0, 1, 9, 9, 0, 0, 1, 0, 9, 9, 9, 0, 0, 0, 9, 9, 9, 9, 0, 0, 9, 9, 11, 9, 9, 0, 0, 0, 10, 17, 9, 9, 9, 9, 9, 9, 9, 9]
[9, 9, 9, 9, 9, 9, 9, 9, 10, 9, 9, 11, 9, 9, 9, 0, 1, 9, 2, 9, 9, 9, 0, 0, 0, 1, 0, 9, 9, 0, 0, 0, 0, 0, 9, 9, 0, 0, 0, 0, 17, 9, 9, 9, 9, 9, 9, 9, 9]
[9, 9, 9, 9, 9, 9, 9, 9, 0, 9, 9, 11, 9, 9, 9, 10, 1, 9, 2, 9, 9, 9, 0, 0, 0, 1, 0, 9, 9, 0, 0, 0, 0, 0, 9, 9, 0, 0, 0, 0, 17, 9, 9, 9, 9, 9, 9, 9, 9]
[9, 9, 9, 9, 9, 9, 9, 9, 0, 9, 9, 11, 9, 9, 9, 0, 10, 9, 2, 9, 9, 9, 0, 0, 0, 1, 0, 9, 9, 0, 0, 0, 0, 0, 9, 9, 0, 0, 0, 0, 17, 9, 9, 9, 9, 9, 9, 9, 9]
[9, 9, 9, 9, 9, 9, 9, 9, 0, 9, 9, 11, 9, 9, 9, 0, 0, 9, 2, 9, 9, 9, 0, 10, 0, 1, 0, 9, 9, 0, 0, 0, 0, 0, 9, 9, 0, 0, 0, 0, 17, 9, 9, 9, 9, 9, 9, 9, 9]
[9, 9, 9, 9, 9, 9, 9, 9, 0, 9, 9, 11, 9, 9, 9, 0, 0, 9, 2, 9, 9, 9, 0, 0, 10, 1, 0, 9, 9, 0, 0, 0, 0, 0, 9, 9, 0, 0, 0, 0, 17, 9, 9, 9, 9, 9, 9, 9, 9]
[9, 9, 9, 9, 9, 9, 9, 9, 0, 9, 9, 11, 9, 9, 9, 0, 0, 9, 9, 9, 9, 9, 0, 10, 0, 2, 0, 9, 9, 0, 0, 0, 0, 0, 9, 9, 0, 0, 0, 0, 17, 9, 9, 9, 9, 9, 9, 9, 9]
[9, 9, 9, 9, 9, 9, 9, 9, 0, 0, 9, 9, 9, 9, 9, 0, 9, 9, 11, 9, 9, 9, 0, 0, 10, 9, 9, 9, 9, 0, 0, 0, 2, 0, 9, 9, 0, 0, 0, 0, 17, 9, 9, 9, 9, 9, 9, 9, 9]
[9, 9, 9, 9, 9, 9, 9, 9, 0, 0, 1, 9, 1, 9, 9, 0, 0, 9, 9, 9, 9, 9, 0, 9, 9, 11, 9, 9, 9, 0, 0, 10, 9, 9, 9, 9, 0, 0, 0, 2, 17, 9, 9, 9, 9, 9, 9, 9, 9]
[9, 9, 9, 9, 9, 9, 9, 9, 0, 0, 1, 0, 9, 9, 9, 0, 0, 1, 9, 9, 9, 9, 0, 0, 9, 9, 11, 9, 9, 0, 0, 0, 9, 9, 9, 9, 0, 0, 10, 2, 17, 9, 9, 9, 9, 9, 9, 9, 9]
[9, 9, 9, 9, 9, 9, 9, 9, 0, 0, 1, 0, 1, 9, 9, 0, 0, 1, 0, 9, 9, 9, 0, 0, 0, 9, 9, 9, 9, 0, 0, 9, 9, 11, 9, 9, 0, 0, 0, 10, 17, 9, 9, 9, 9, 9, 9, 9, 9]
[9, 9, 9, 9, 9, 9, 9, 9, 10, 9, 9, 11, 9, 9, 9, 0, 1, 9, 2, 9, 9, 9, 0, 0, 0, 1, 0, 9, 9, 0, 0, 0, 0, 0, 9, 9, 0, 0, 0, 0, 17, 9, 9, 9, 9, 9, 9, 9, 9]
[9, 9, 9, 9, 9, 9, 9, 9, 0, 9, 9, 11, 9, 9, 9, 10, 1, 9, 2, 9, 9, 9, 0, 0, 0, 1, 0, 9, 9, 0, 0, 0, 0, 0, 9, 9, 0, 0, 0, 0, 17, 9, 9, 9, 9, 9, 9, 9, 9]
[9, 9, 9, 9, 9, 9, 9, 9, 0, 9, 9, 11, 9, 9, 9, 0, 10, 9, 2, 9, 9, 9, 0, 0, 0, 1, 0, 9, 9, 0, 0, 0, 0, 0, 9, 9, 0, 0, 0, 0, 17, 9, 9, 9, 9, 9, 9, 9, 9]
[9, 9, 9, 9, 9, 9, 9, 9, 0, 9, 9, 11, 9, 9, 9, 0, 0, 9, 2, 9, 9, 9, 0, 10, 0, 1, 0, 9, 9, 0, 0, 0, 0, 0, 9, 9, 0, 0, 0, 0, 17, 9, 9, 9, 9, 9, 9, 9, 9]
[9, 9, 9, 9, 9, 9, 9, 9, 0, 9, 9, 11, 9, 9, 9, 0, 0, 9, 2, 9, 9, 9, 0, 0, 10, 1, 0, 9, 9, 0, 0, 0, 0, 0, 9, 9, 0, 0, 0, 0, 17, 9, 9, 9, 9, 9, 9, 9, 9]
[9, 9, 9, 9, 9, 9, 9, 9, 0, 9, 9, 11, 9, 9, 9, 0, 0, 9, 9, 9, 9, 9, 0, 10, 0, 2, 0, 9, 9, 0, 0, 0, 0, 0, 9, 9, 0, 0, 0, 0, 17, 9, 9, 9, 9, 9, 9, 9, 9]
[9, 9, 9, 9, 9, 9, 9, 9, 0, 0, 9, 9, 9, 9, 9, 0, 9, 9, 11, 9, 9, 9, 0, 0, 10, 9, 9, 9, 9, 0, 0, 0, 2, 0, 9, 9, 0, 0, 0, 0, 17, 9, 9, 9, 9, 9, 9, 9, 9]
[9, 9, 9, 9, 9, 9, 9, 9, 0, 0, 1, 9, 1, 9, 9, 0, 0, 9, 9, 9, 9, 9, 0, 9, 9, 11, 9, 9, 9, 0, 0, 10, 9, 9, 9, 9, 0, 0, 0, 2, 17, 9, 9, 9, 9, 9, 9, 9, 9]
[9, 9, 9, 9, 9, 9, 9, 9, 0, 0, 1, 0, 9, 9, 9, 0, 0, 1, 9, 9, 9, 9, 0, 0, 9, 9, 11, 9, 9, 0, 0, 0, 9, 9, 9, 9, 0, 0, 10, 2, 17, 9, 9, 9, 9, 9, 9, 9, 9]
[9, 9, 9, 9, 9, 9, 9, 9, 10, 9, 9, 11, 9, 9, 9, 0, 1, 9, 2, 9, 9, 9, 0, 0, 0, 1, 0, 9, 9, 0, 0, 0, 0, 0, 9, 9, 0, 0, 0, 0, 17, 9, 9, 9, 9, 9, 9, 9, 9]
[9, 9, 9, 9, 9, 9, 9, 9, 0, 9, 9, 11, 9, 9, 9, 10, 1, 9, 2, 9, 9, 9, 0, 0, 0, 1, 0, 9, 9, 0, 0, 0, 0, 0, 9, 9, 0, 0, 0, 0, 17, 9, 9, 9, 9, 9, 9, 9, 9]
[9, 9, 9, 9, 9, 9, 9, 9, 0, 9, 9, 11, 9, 9, 9, 0, 10, 9, 2, 9, 9, 9, 0, 0, 0, 1, 0, 9, 9, 0, 0, 0, 0, 0, 9, 9, 0, 0, 0, 0, 17, 9, 9, 9, 9, 9, 9, 9, 9]
[9, 9, 9, 9, 9, 9, 9, 9, 0, 9, 9, 11, 9, 9, 9, 0, 0, 9, 2, 9, 9, 9, 0, 10, 0, 1, 0, 9, 9, 0, 0, 0, 0, 0, 9, 9, 0, 0, 0, 0, 17, 9, 9, 9, 9, 9, 9, 9, 9]
[9, 9, 9, 9, 9, 9, 9, 9, 0, 9, 9, 11, 9, 9, 9, 0, 0, 9, 2, 9, 9, 9, 0, 0, 10, 1, 0, 9, 9, 0, 0, 0, 0, 0, 9, 9, 0, 0, 0, 0, 17, 9, 9, 9, 9, 9, 9, 9, 9]
[9, 9, 9, 9, 9, 9, 9, 9, 0, 9, 9, 11, 9, 9, 9, 0, 0, 9, 9, 9, 9, 9, 0, 10, 0, 2, 0, 9, 9, 0, 0, 0, 0, 0, 9, 9, 0, 0, 0, 0, 17, 9, 9, 9, 9, 9, 9, 9, 9]
[9, 9, 9, 9, 9, 9, 9, 9, 0, 0, 9, 9, 9, 9, 9, 0, 9, 9, 11, 9, 9, 9, 0, 0, 10, 9, 9, 9, 9, 0, 0, 0, 2, 0, 9, 9, 0, 0, 0, 0, 17, 9, 9, 9, 9, 9, 9, 9, 9]
[9, 9, 9, 9, 9, 9, 9, 9, 0, 0, 1, 9, 1, 9, 9, 0, 0, 9, 9, 9, 9, 9, 0, 9, 9, 11, 9, 9, 9, 0, 0, 10, 9, 9, 9, 9, 0, 0, 0, 2, 17, 9, 9, 9, 9, 9, 9, 9, 9]
[9, 9, 9, 9, 9, 9, 9, 9, 0, 0, 1, 0, 9, 9, 9, 0, 0, 1, 9, 9, 9, 9, 0, 0, 9, 9, 11, 9, 9, 0, 0, 0, 9, 9, 9, 9, 0, 0, 10, 2, 17, 9, 9, 9, 9, 9, 9, 9, 9]
[9, 9, 9, 9, 9, 9, 9, 9, 0, 0, 1, 0, 1, 9, 9, 0, 0, 1, 0, 9, 9, 9, 0, 0, 0, 9, 9, 9, 9, 0, 0, 9, 9, 11, 9, 9, 0, 0, 0, 10, 17, 9, 9, 9, 9, 9, 9, 9, 9]
[9, 9, 9, 9, 9, 9, 9, 9, 10, 9, 9, 11, 9, 9, 9, 0, 1, 9, 2, 9, 9, 9, 0, 0, 0, 1, 0, 9, 9, 0, 0, 0, 0, 0, 9, 9, 0, 0, 0, 0, 17, 9, 9, 9, 9, 9, 9, 9, 9]
[9, 9, 9, 9, 9, 9, 9, 9, 0, 9, 9, 11, 9, 9, 9, 10, 1, 9, 2, 9, 9, 9, 0, 0, 0, 1, 0, 9, 9, 0, 0, 0, 0, 0, 9, 9, 0, 0, 0, 0, 17, 9, 9, 9, 9, 9, 9, 9, 9]
[9, 9, 9, 9, 9, 9, 9, 9, 0, 9, 9, 11, 9, 9, 9, 0, 10, 9, 2, 9, 9, 9, 0, 0, 0, 1, 0, 9, 9, 0, 0, 0, 0, 0, 9, 9, 0, 0, 0, 0, 17, 9, 9, 9, 9, 9, 9, 9, 9]
[9, 9, 9, 9, 9, 9, 9, 9, 0, 9, 9, 11, 9, 9, 9, 0, 0, 9, 2, 9, 9, 9, 0, 10, 0, 1, 0, 9, 9, 0, 0, 0, 0, 0, 9, 9, 0, 0, 0, 0, 17, 9, 9, 9, 9, 9, 9, 9, 9]
[9, 9, 9, 9, 9, 9, 9, 9, 0, 9, 9, 11, 9, 9, 9, 0, 0, 9, 2, 9, 9, 9, 0, 0, 10, 1, 0, 9, 9, 0, 0, 0, 0, 0, 9, 9, 0, 0, 0, 0, 17, 9, 9, 9, 9, 9, 9, 9, 9]
[9, 9, 9, 9, 9, 9, 9, 9, 0, 9, 9, 11, 9, 9, 9, 0, 0, 9, 9, 9, 9, 9, 0, 10, 0, 2, 0, 9, 9, 0, 0, 0, 0, 0, 9, 9, 0, 0, 0, 0, 17, 9, 9, 9, 9, 9, 9, 9, 9]
[9, 9, 9, 9, 9, 9, 9, 9, 0, 0, 9, 9, 9, 9, 9, 0, 9, 9, 11, 9, 9, 9, 0, 0, 10, 9, 9, 9, 9, 0, 0, 0, 2, 0, 9, 9, 0, 0, 0, 0, 17, 9, 9, 9, 9, 9, 9, 9, 9]
[9, 9, 9, 9, 9, 9, 9, 9, 0, 0, 1, 9, 1, 9, 9, 0, 0, 9, 9, 9, 9, 9, 0, 9, 9, 11, 9, 9, 9, 0, 0, 10, 9, 9, 9, 9, 0, 0, 0, 2, 17, 9, 9, 9, 9, 9, 9, 9, 9]
[9, 9, 9, 9, 9, 9, 9, 9, 0, 0, 1, 0, 9, 9, 9, 0, 0, 1, 9, 9, 9, 9, 0, 0, 9, 9, 11, 9, 9, 0, 0, 0, 9, 9, 9, 9, 0, 0, 10, 2, 17, 9, 9, 9, 9, 9, 9, 9, 9]
[9, 9, 9, 9, 9, 9, 9, 9, 0, 0, 1, 0, 1, 9, 9, 0, 0, 1, 0, 9, 9, 9, 0, 0, 0, 9, 9, 9, 9, 0, 0, 9, 9, 11, 9, 9, 0, 0, 0, 10, 17, 9, 9, 9, 9, 9, 9, 9, 9]
[9, 9, 9, 9, 9, 9, 9, 9, 0, 9, 9, 11, 9, 9, 9, 0, 1, 9, 2, 9, 9, 9, 10, 0, 0, 1, 0, 9, 9, 0, 0, 0, 0, 0, 9, 9, 0, 0, 0, 0, 17, 9, 9, 9, 9, 9, 9, 9, 9]
[9, 9, 9, 9, 9, 9, 9, 9, 0, 9, 9, 11, 9, 9, 9, 0, 1, 9, 2, 9, 9, 9, 0, 10, 0, 1, 0, 9, 9, 0, 0, 0, 0, 0, 9, 9, 0, 0, 0, 0, 17, 9, 9, 9, 9, 9, 9, 9, 9]
[9, 9, 9, 9, 9, 9, 9, 9, 0, 9, 9, 11, 9, 9, 9, 0, 1, 9, 2, 9, 9, 9, 0, 0, 10, 1, 0, 9, 9, 0, 0, 0, 0, 0, 9, 9, 0, 0, 0, 0, 17, 9, 9, 9, 9, 9, 9, 9, 9]
[9, 9, 9, 9, 9, 9, 9, 9, 0, 9, 9, 11, 9, 9, 9, 0, 1, 9, 9, 9, 9, 9, 0, 10, 0, 2, 0, 9, 9, 0, 0, 0, 0, 0, 9, 9, 0, 0, 0, 0, 17, 9, 9, 9, 9, 9, 9, 9, 9]
[9, 9, 9, 9, 9, 9, 9, 9, 0, 0, 9, 9, 9, 9, 9, 0, 9, 9, 11, 9, 9, 9, 0, 0, 10, 9, 9, 9, 9, 0, 0, 0, 2, 0, 9, 9, 0, 0, 0, 0, 17, 9, 9, 9, 9, 9, 9, 9, 9]
[9, 9, 9, 9, 9, 9, 9, 9, 0, 0, 1, 9, 1, 9, 9, 0, 1, 9, 9, 9, 9, 9, 0, 9, 9, 11, 9, 9, 9, 0, 0, 10, 9, 9, 9, 9, 0, 0, 0, 2, 17, 9, 9, 9, 9, 9, 9, 9, 9]
[9, 9, 9, 9, 9, 9, 9, 9, 0, 0, 1, 0, 9, 9, 9, 0, 1, 1, 9, 9, 9, 9, 0, 0, 9, 9, 11, 9, 9, 0, 0, 0, 9, 9, 9, 9, 0, 0, 10, 2, 17, 9, 9, 9, 9, 9, 9, 9, 9]
[9, 9, 9, 9, 9, 9, 9, 9, 0, 0, 1, 0, 1, 9, 9, 0, 1, 1, 0, 9, 9, 9, 0, 0, 0, 9, 9, 9, 9, 0, 0, 9, 9, 11, 9, 9, 0, 0, 0, 10, 17, 9, 9, 9, 9, 9, 9, 9, 9]
[9, 9, 9, 9, 9, 9, 9, 9, 10, 9, 9, 11, 9, 9, 9, 0, 1, 9, 2, 9, 9, 9, 0, 0, 0, 1, 0, 9, 9, 0, 0, 0, 0, 0, 9, 9, 0, 0, 0, 0, 17, 9, 9, 9, 9, 9, 9, 9, 9]
[9, 9, 9, 9, 9, 9, 9, 9, 0, 9, 9, 11, 9, 9, 9, 10, 1, 9, 2, 9, 9, 9, 0, 0, 0, 1, 0, 9, 9, 0, 0, 0, 0, 0, 9, 9, 0, 0, 0, 0, 17, 9, 9, 9, 9, 9, 9, 9, 9]
[9, 9, 9, 9, 9, 9, 9, 9, 0, 9, 9, 11, 9, 9, 9, 0, 10, 9, 2, 9, 9, 9, 0, 0, 0, 1, 0, 9, 9, 0, 0, 0, 0, 0, 9, 9, 0, 0, 0, 0, 17, 9, 9, 9, 9, 9, 9, 9, 9]
[9, 9, 9, 9, 9, 9, 9, 9, 0, 9, 9, 11, 9, 9, 9, 0, 0, 9, 2, 9, 9, 9, 0, 10, 0, 1, 0, 9, 9, 0, 0, 0, 0, 0, 9, 9, 0, 0, 0, 0, 17, 9, 9, 9, 9, 9, 9, 9, 9]
[9, 9, 9, 9, 9, 9, 9, 9, 0, 9, 9, 11, 9, 9, 9, 0, 0, 9, 2, 9, 9, 9, 0, 0, 10, 1, 0, 9, 9, 0, 0, 0, 0, 0, 9, 9, 0, 0, 0, 0, 17, 9, 9, 9, 9, 9, 9, 9, 9]
[9, 9, 9, 9, 9, 9, 9, 9, 0, 9, 9, 11, 9, 9, 9, 0, 0, 9, 9, 9, 9, 9, 0, 10, 0, 2, 0, 9, 9, 0, 0, 0, 0, 0, 9, 9, 0, 0, 0, 0, 17, 9, 9, 9, 9, 9, 9, 9, 9]
[9, 9, 9, 9, 9, 9, 9, 9, 0, 0, 9, 9, 9, 9, 9, 0, 9, 9, 11, 9, 9, 9, 0, 0, 10, 9, 9, 9, 9, 0, 0, 0, 2, 0, 9, 9, 0, 0, 0, 0, 17, 9, 9, 9, 9, 9, 9, 9, 9]
[9, 9, 9, 9, 9, 9, 9, 9, 0, 0, 1, 9, 1, 9, 9, 0, 0, 9, 9, 9, 9, 9, 0, 9, 9, 11, 9, 9, 9, 0, 0, 10, 9, 9, 9, 9, 0, 0, 0, 2, 17, 9, 9, 9, 9, 9, 9, 9, 9]
[9, 9, 9, 9, 9, 9, 9, 9, 0, 0, 1, 0, 9, 9, 9, 0, 0, 1, 9, 9, 9, 9, 0, 0, 9, 9, 11, 9, 9, 0, 0, 0, 9, 9, 9, 9, 0, 0, 10, 2, 17, 9, 9, 9, 9, 9, 9, 9, 9]
[9, 9, 9, 9, 9, 9, 9, 9, 0, 0, 1, 0, 1, 9, 9, 0, 0, 1, 0, 9, 9, 9, 0, 0, 0, 9, 9, 9, 9, 0, 0, 9, 9, 11, 9, 9, 0, 0, 0, 10, 17, 9, 9, 9, 9, 9, 9, 9, 9]
[9, 9, 9, 9, 9, 9, 9, 9, 10, 9, 9, 11, 9, 9, 9, 0, 1, 9, 2, 9, 9, 9, 0, 0, 0, 1, 0, 9, 9, 0, 0, 0, 0, 0, 9, 9, 0, 0, 0, 0, 17, 9, 9, 9, 9, 9, 9, 9, 9]
[9, 9, 9, 9, 9, 9, 9, 9, 0, 9, 9, 11, 9, 9, 9, 10, 1, 9, 2, 9, 9, 9, 0, 0, 0, 1, 0, 9, 9, 0, 0, 0, 0, 0, 9, 9, 0, 0, 0, 0, 17, 9, 9, 9, 9, 9, 9, 9, 9]
[9, 9, 9, 9, 9, 9, 9, 9, 0, 9, 9, 11, 9, 9, 9, 0, 10, 9, 2, 9, 9, 9, 0, 0, 0, 1, 0, 9, 9, 0, 0, 0, 0, 0, 9, 9, 0, 0, 0, 0, 17, 9, 9, 9, 9, 9, 9, 9, 9]
[9, 9, 9, 9, 9, 9, 9, 9, 0, 9, 9, 11, 9, 9, 9, 0, 0, 9, 2, 9, 9, 9, 0, 10, 0, 1, 0, 9, 9, 0, 0, 0, 0, 0, 9, 9, 0, 0, 0, 0, 17, 9, 9, 9, 9, 9, 9, 9, 9]
[9, 9, 9, 9, 9, 9, 9, 9, 0, 9, 9, 11, 9, 9, 9, 0, 0, 9, 2, 9, 9, 9, 0, 0, 10, 1, 0, 9, 9, 0, 0, 0, 0, 0, 9, 9, 0, 0, 0, 0, 17, 9, 9, 9, 9, 9, 9, 9, 9]
[9, 9, 9, 9, 9, 9, 9, 9, 0, 9, 9, 11, 9, 9, 9, 0, 0, 9, 9, 9, 9, 9, 0, 10, 0, 2, 0, 9, 9, 0, 0, 0, 0, 0, 9, 9, 0, 0, 0, 0, 17, 9, 9, 9, 9, 9, 9, 9, 9]
[9, 9, 9, 9, 9, 9, 9, 9, 0, 0, 9, 9, 9, 9, 9, 0, 9, 9, 11, 9, 9, 9, 0, 0, 10, 9, 9, 9, 9, 0, 0, 0, 2, 0, 9, 9, 0, 0, 0, 0, 17, 9, 9, 9, 9, 9, 9, 9, 9]
[9, 9, 9, 9, 9, 9, 9, 9, 0, 0, 1, 9, 1, 9, 9, 0, 0, 9, 9, 9, 9, 9, 0, 9, 9, 11, 9, 9, 9, 0, 0, 10, 9, 9, 9, 9, 0, 0, 0, 2, 17, 9, 9, 9, 9, 9, 9, 9, 9]
[9, 9, 9, 9, 9, 9, 9, 9, 0, 0, 1, 0, 9, 9, 9, 0, 0, 1, 9, 9, 9, 9, 0, 0, 9, 9, 11, 9, 9, 0, 0, 0, 9, 9, 9, 9, 0, 0, 10, 2, 17, 9, 9, 9, 9, 9, 9, 9, 9]
[9, 9, 9, 9, 9, 9, 9, 9, 0, 0, 1, 0, 1, 9, 9, 0, 0, 1, 0, 9, 9, 9, 0, 0, 0, 9, 9, 9, 9, 0, 0, 9, 9, 11, 9, 9, 0, 0, 0, 10, 17, 9, 9, 9, 9, 9, 9, 9, 9]
[9, 9, 9, 9, 9, 9, 10, 9, 9, 11, 9, 0, 1, 9, 2, 9, 0, 0, 0, 1, 9, 0, 0, 0, 0]
[9, 9, 9, 9, 9, 9, 0, 9, 9, 11, 9, 10, 1, 9, 2, 9, 0, 0, 0, 1, 9, 0, 0, 0, 0, 9, 0, 0, 0, 0]
[9, 9, 9, 9, 9, 9, 9, 0, 9, 9, 11, 9, 9, 0, 10, 9, 2, 9, 9, 0, 0, 0, 1, 0, 9, 0, 0, 0, 0, 0, 9, 0, 0, 0, 0, 17]
[9, 9, 9, 9, 9, 9, 9, 0, 9, 9, 11, 9, 9, 0, 0, 9, 2, 9, 9, 0, 10, 0, 1, 0, 9, 0, 0, 0, 0, 0, 9, 0, 0, 0, 0, 17, 9, 9, 9, 9, 9, 9]
[9, 9, 9, 9, 9, 9, 9, 9, 0, 9, 9, 11, 9, 9, 9, 0, 0, 9, 2, 9, 9, 9, 0, 0, 10, 1, 0, 9, 9, 0, 0, 0, 0, 0, 9, 9, 0, 0, 0, 0, 17, 9, 9, 9, 9, 9, 9, 9, 9]
[9, 9, 9, 9, 9, 9, 9, 0, 9, 9, 11, 9, 9, 0, 0, 9, 9, 9, 9, 0, 10, 0, 2, 0, 9, 0, 0, 0, 0, 0, 9, 0, 0, 0, 0, 17, 9, 9, 9, 9, 9, 9]
[9, 9, 9, 9, 9, 9, 9, 9, 0, 0, 9, 9, 9, 9, 9, 0, 9, 9, 11, 9, 9, 9, 0, 0, 10, 9, 9, 9, 9, 0, 0, 0, 2, 0, 9, 9, 0, 0, 0, 0, 17, 9, 9, 9, 9, 9, 9, 9, 9]
[9, 0, 0, 1, 9, 1, 9, 9, 0, 0, 9, 9, 9, 9, 9, 0, 9, 9, 11, 9, 9, 9, 0, 0, 10, 9, 9, 9, 9, 0, 0, 0, 2, 17, 9, 9, 9, 9, 9, 9, 9, 9]
[9, 0, 0, 1, 9, 9, 9, 9, 0, 0, 9, 9, 11, 9, 9, 0, 0, 0, 9, 9, 9, 9, 0, 0, 10, 2, 17, 9, 9, 9, 9, 9, 9, 9, 9]
[0, 0, 1, 0, 9, 9, 0, 0, 0, 9, 9, 9, 0, 0, 9, 9, 11, 9, 0, 0, 0, 10, 17, 9, 9, 9, 9, 9, 9, 9]
[9, 9, 9, 9, 9, 9, 10, 9, 9, 11, 9, 0, 1, 9, 2, 9, 0, 0, 0, 1, 9, 0, 0, 0, 0]
[9, 9, 9, 9, 9, 9, 0, 9, 9, 11, 9, 10, 1, 9, 2, 9, 0, 0, 0, 1, 9, 0, 0, 0, 0, 9, 0, 0, 0, 0]
[9, 9, 9, 9, 9, 9, 9, 0, 9, 9, 11, 9, 9, 0, 10, 9, 2, 9, 9, 0, 0, 0, 1, 0, 9, 0, 0, 0, 0, 0, 9, 0, 0, 0, 0, 17]
[9, 9, 9, 9, 9, 9, 9, 0, 9, 9, 11, 9, 9, 0, 0, 9, 2, 9, 9, 0, 10, 0, 1, 0, 9, 0, 0, 0, 0, 0, 9, 0, 0, 0, 0, 17, 9, 9, 9, 9, 9, 9]
[9, 9, 9, 9, 9, 9, 9, 9, 0, 9, 9, 11, 9, 9, 9, 0, 0, 9, 2, 9, 9, 9, 0, 0, 10, 1, 0, 9, 9, 0, 0, 0, 0, 0, 9, 9, 0, 0, 0, 0, 17, 9, 9, 9, 9, 9, 9, 9, 9]
[9, 9, 9, 9, 9, 9, 9, 0, 9, 9, 11, 9, 9, 0, 0, 9, 9, 9, 9, 0, 10, 0, 2, 0, 9, 0, 0, 0, 0, 0, 9, 0, 0, 0, 0, 17, 9, 9, 9, 9, 9, 9]
[9, 9, 9, 9, 9, 9, 9, 9, 0, 0, 9, 9, 9, 9, 9, 0, 9, 9, 11, 9, 9, 9, 0, 0, 10, 9, 9, 9, 9, 0, 0, 0, 2, 0, 9, 9, 0, 0, 0, 0, 17, 9, 9, 9, 9, 9, 9, 9, 9]
[9, 0, 0, 1, 9, 1, 9, 9, 0, 0, 9, 9, 9, 9, 9, 0, 9, 9, 11, 9, 9, 9, 0, 0, 10, 9, 9, 9, 9, 0, 0, 0, 2, 17, 9, 9, 9, 9, 9, 9, 9, 9]
[9, 0, 0, 1, 9, 9, 9, 9, 0, 0, 9, 9, 11, 9, 9, 0, 0, 0, 9, 9, 9, 9, 0, 0, 10, 2, 17, 9, 9, 9, 9, 9, 9, 9, 9]
[0, 0, 1, 0, 9, 9, 0, 0, 0, 9, 9, 9, 0, 0, 9, 9, 11, 9, 0, 0, 0, 10, 17, 9, 9, 9, 9, 9, 9, 9]
[9, 9, 9, 9, 9, 9, 10, 9, 9, 11, 9, 0, 1, 9, 2, 9, 0, 0, 0, 1, 9, 0, 0, 0, 0]
[9, 9, 9, 9, 9, 9, 0, 9, 9, 11, 9, 10, 1, 9, 2, 9, 0, 0, 0, 1, 9, 0, 0, 0, 0, 9, 0, 0, 0, 0]
[9, 9, 9, 9, 9, 9, 9, 0, 9, 9, 11, 9, 9, 0, 10, 9, 2, 9, 9, 0, 0, 0, 1, 0, 9, 0, 0, 0, 0, 0, 9, 0, 0, 0, 0, 17]
[9, 9, 9, 9, 9, 9, 9, 0, 9, 9, 11, 9, 9, 0, 0, 9, 2, 9, 9, 0, 10, 0, 1, 0, 9, 0, 0, 0, 0, 0, 9, 0, 0, 0, 0, 17, 9, 9, 9, 9, 9, 9]
[9, 9, 9, 9, 9, 9, 9, 9, 0, 9, 9, 11, 9, 9, 9, 0, 0, 9, 2, 9, 9, 9, 0, 0, 10, 1, 0, 9, 9, 0, 0, 0, 0, 0, 9, 9, 0, 0, 0, 0, 17, 9, 9, 9, 9, 9, 9, 9, 9]
[9, 9, 9, 9, 9, 9, 9, 0, 9, 9, 11, 9, 9, 0, 0, 9, 9, 9, 9, 0, 10, 0, 2, 0, 9, 0, 0, 0, 0, 0, 9, 0, 0, 0, 0, 17, 9, 9, 9, 9, 9, 9]
[9, 9, 9, 9, 9, 9, 9, 9, 0, 0, 9, 9, 9, 9, 9, 0, 9, 9, 11, 9, 9, 9, 0, 0, 10, 9, 9, 9, 9, 0, 0, 0, 2, 0, 9, 9, 0, 0, 0, 0, 17, 9, 9, 9, 9, 9, 9, 9, 9]
[9, 0, 0, 1, 9, 1, 9, 9, 0, 0, 9, 9, 9, 9, 9, 0, 9, 9, 11, 9, 9, 9, 0, 0, 10, 9, 9, 9, 9, 0, 0, 0, 2, 17, 9, 9, 9, 9, 9, 9, 9, 9]
[9, 0, 0, 1, 9, 9, 9, 9, 0, 0, 9, 9, 11, 9, 9, 0, 0, 0, 9, 9, 9, 9, 0, 0, 10, 2, 17, 9, 9, 9, 9, 9, 9, 9, 9]
[0, 0, 1, 0, 9, 9, 0, 0, 0, 9, 9, 9, 0, 0, 9, 9, 11, 9, 0, 0, 0, 10, 17, 9, 9, 9, 9, 9, 9, 9]
[9, 9, 9, 9, 9, 9, 10, 9, 9, 11, 9, 0, 1, 9, 2, 9, 0, 0, 0, 1, 9, 0, 0, 0, 0]
[9, 9, 9, 9, 9, 9, 0, 9, 9, 11, 9, 10, 1, 9, 2, 9, 0, 0, 0, 1, 9, 0, 0, 0, 0, 9, 0, 0, 0, 0]
[9, 9, 9, 9, 9, 9, 9, 0, 9, 9, 11, 9, 9, 0, 10, 9, 2, 9, 9, 0, 0, 0, 1, 0, 9, 0, 0, 0, 0, 0, 9, 0, 0, 0, 0, 17]
[9, 9, 9, 9, 9, 9, 9, 0, 9, 9, 11, 9, 9, 0, 0, 9, 2, 9, 9, 0, 10, 0, 1, 0, 9, 0, 0, 0, 0, 0, 9, 0, 0, 0, 0, 17, 9, 9, 9, 9, 9, 9]
[9, 9, 9, 9, 9, 9, 9, 9, 0, 9, 9, 11, 9, 9, 9, 0, 0, 9, 2, 9, 9, 9, 0, 0, 10, 1, 0, 9, 9, 0, 0, 0, 0, 0, 9, 9, 0, 0, 0, 0, 17, 9, 9, 9, 9, 9, 9, 9, 9]
[9, 9, 9, 9, 9, 9, 9, 0, 9, 9, 11, 9, 9, 0, 0, 9, 9, 9, 9, 0, 10, 0, 2, 0, 9, 0, 0, 0, 0, 0, 9, 0, 0, 0, 0, 17, 9, 9, 9, 9, 9, 9]
[9, 9, 9, 9, 9, 9, 9, 9, 0, 0, 9, 9, 9, 9, 9, 0, 9, 9, 11, 9, 9, 9, 0, 0, 10, 9, 9, 9, 9, 0, 0, 0, 2, 0, 9, 9, 0, 0, 0, 0, 17, 9, 9, 9, 9, 9, 9, 9, 9]
[9, 0, 0, 1, 9, 1, 9, 9, 0, 0, 9, 9, 9, 9, 9, 0, 9, 9, 11, 9, 9, 9, 0, 0, 10, 9, 9, 9, 9, 0, 0, 0, 2, 17, 9, 9, 9, 9, 9, 9, 9, 9]
[9, 0, 0, 1, 9, 9, 9, 9, 0, 0, 9, 9, 11, 9, 9, 0, 0, 0, 9, 9, 9, 9, 0, 0, 10, 2, 17, 9, 9, 9, 9, 9, 9, 9, 9]
[0, 0, 1, 0, 9, 9, 0, 0, 0, 9, 9, 9, 0, 0, 9, 9, 11, 9, 0, 0, 0, 10, 17, 9, 9, 9, 9, 9, 9, 9]
[9, 9, 9, 9, 9, 9, 10, 9, 9, 11, 9, 0, 1, 9, 2, 9, 0, 0, 0, 1, 9, 0, 0, 0, 0]
[9, 9, 9, 9, 9, 9, 0, 9, 9, 11, 9, 10, 1, 9, 2, 9, 0, 0, 0, 1, 9, 0, 0, 0, 0, 9, 0, 0, 0, 0]
[9, 9, 9, 9, 9, 9, 9, 0, 9, 9, 11, 9, 9, 0, 10, 9, 2, 9, 9, 0, 0, 0, 1, 0, 9, 0, 0, 0, 0, 0, 9, 0, 0, 0, 0, 17]
[9, 9, 9, 9, 9, 9, 9, 0, 9, 9, 11, 9, 9, 0, 0, 9, 2, 9, 9, 0, 10, 0, 1, 0, 9, 0, 0, 0, 0, 0, 9, 0, 0, 0, 0, 17, 9, 9, 9, 9, 9, 9]
[9, 9, 9, 9, 9, 9, 9, 9, 0, 9, 9, 11, 9, 9, 9, 0, 0, 9, 2, 9, 9, 9, 0, 0, 10, 1, 0, 9, 9, 0, 0, 0, 0, 0, 9, 9, 0, 0, 0, 0, 17, 9, 9, 9, 9, 9, 9, 9, 9]
[9, 9, 9, 9, 9, 9, 9, 0, 9, 9, 11, 9, 9, 0, 0, 9, 9, 9, 9, 0, 10, 0, 2, 0, 9, 0, 0, 0, 0, 0, 9, 0, 0, 0, 0, 17, 9, 9, 9, 9, 9, 9]
[9, 9, 9, 9, 9, 9, 9, 9, 0, 0, 9, 9, 9, 9, 9, 0, 9, 9, 11, 9, 9, 9, 0, 0, 10, 9, 9, 9, 9, 0, 0, 0, 2, 0, 9, 9, 0, 0, 0, 0, 17, 9, 9, 9, 9, 9, 9, 9, 9]
[9, 0, 0, 1, 9, 1, 9, 9, 0, 0, 9, 9, 9, 9, 9, 0, 9, 9, 11, 9, 9, 9, 0, 0, 10, 9, 9, 9, 9, 0, 0, 0, 2, 17, 9, 9, 9, 9, 9, 9, 9, 9]
[9, 0, 0, 1, 9, 9, 9, 9, 0, 0, 9, 9, 11, 9, 9, 0, 0, 0, 9, 9, 9, 9, 0, 0, 10, 2, 17, 9, 9, 9, 9, 9, 9, 9, 9]
[0, 0, 1, 0, 9, 9, 0, 0, 0, 9, 9, 9, 0, 0, 9, 9, 11, 9, 0, 0, 0, 10, 17, 9, 9, 9, 9, 9, 9, 9]
[9, 9, 9, 9, 9, 9, 10, 9, 9, 11, 9, 0, 1, 9, 2, 9, 0, 0, 0, 1, 9, 0, 0, 0, 0]
[9, 9, 9, 9, 9, 9, 0, 9, 9, 11, 9, 10, 1, 9, 2, 9, 0, 0, 0, 1, 9, 0, 0, 0, 0, 9, 0, 0, 0, 0]
[9, 9, 9, 9, 9, 9, 9, 0, 9, 9, 11, 9, 9, 0, 10, 9, 2, 9, 9, 0, 0, 0, 1, 0, 9, 0, 0, 0, 0, 0, 9, 0, 0, 0, 0, 17]
[9, 9, 9, 9, 9, 9, 9, 0, 9, 9, 11, 9, 9, 0, 0, 9, 2, 9, 9, 0, 10, 0, 1, 0, 9, 0, 0, 0, 0, 0, 9, 0, 0, 0, 0, 17, 9, 9, 9, 9, 9, 9]
[9, 9, 9, 9, 9, 9, 9, 9, 0, 9, 9, 11, 9, 9, 9, 0, 0, 9, 2, 9, 9, 9, 0, 0, 10, 1, 0, 9, 9, 0, 0, 0, 0, 0, 9, 9, 0, 0, 0, 0, 17, 9, 9, 9, 9, 9, 9, 9, 9]
[9, 9, 9, 9, 9, 9, 9, 0, 9, 9, 11, 9, 9, 0, 0, 9, 9, 9, 9, 0, 10, 0, 2, 0, 9, 0, 0, 0, 0, 0, 9, 0, 0, 0, 0, 17, 9, 9, 9, 9, 9, 9]
[9, 9, 9, 9, 9, 9, 9, 9, 0, 0, 9, 9, 9, 9, 9, 0, 9, 9, 11, 9, 9, 9, 0, 0, 10, 9, 9, 9, 9, 0, 0, 0, 2, 0, 9, 9, 0, 0, 0, 0, 17, 9, 9, 9, 9, 9, 9, 9, 9]
[9, 0, 0, 1, 9, 1, 9, 9, 0, 0, 9, 9, 9, 9, 9, 0, 9, 9, 11, 9, 9, 9, 0, 0, 10, 9, 9, 9, 9, 0, 0, 0, 2, 17, 9, 9, 9, 9, 9, 9, 9, 9]
[9, 0, 0, 1, 9, 9, 9, 9, 0, 0, 9, 9, 11, 9, 9, 0, 0, 0, 9, 9, 9, 9, 0, 0, 10, 2, 17, 9, 9, 9, 9, 9, 9, 9, 9]
[0, 0, 1, 0, 9, 9, 0, 0, 0, 9, 9, 9, 0, 0, 9, 9, 11, 9, 0, 0, 0, 10, 17, 9, 9, 9, 9, 9, 9, 9]
[9, 9, 9, 9, 9, 9, 10, 9, 9, 11, 9, 0, 1, 9, 2, 9, 0, 0, 0, 1, 9, 0, 0, 0, 0]
[9, 9, 9, 9, 9, 9, 0, 9, 9, 11, 9, 10, 1, 9, 2, 9, 0, 0, 0, 1, 9, 0, 0, 0, 0, 9, 0, 0, 0, 0]
[9, 9, 9, 9, 9, 9, 9, 0, 9, 9, 11, 9, 9, 0, 10, 9, 2, 9, 9, 0, 0, 0, 1, 0, 9, 0, 0, 0, 0, 0, 9, 0, 0, 0, 0, 17]
[9, 9, 9, 9, 9, 9, 9, 0, 9, 9, 11, 9, 9, 0, 0, 9, 2, 9, 9, 0, 10, 0, 1, 0, 9, 0, 0, 0, 0, 0, 9, 0, 0, 0, 0, 17, 9, 9, 9, 9, 9, 9]
[9, 9, 9, 9, 9, 9, 9, 9, 0, 9, 9, 11, 9, 9, 9, 0, 0, 9, 2, 9, 9, 9, 0, 0, 10, 1, 0, 9, 9, 0, 0, 0, 0, 0, 9, 9, 0, 0, 0, 0, 17, 9, 9, 9, 9, 9, 9, 9, 9]
[9, 9, 9, 9, 9, 9, 9, 0, 9, 9, 11, 9, 9, 0, 0, 9, 9, 9, 9, 0, 10, 0, 2, 0, 9, 0, 0, 0, 0, 0, 9, 0, 0, 0, 0, 17, 9, 9, 9, 9, 9, 9]
[9, 9, 9, 9, 9, 9, 9, 9, 0, 0, 9, 9, 9, 9, 9, 0, 9, 9, 11, 9, 9, 9, 0, 0, 10, 9, 9, 9, 9, 0, 0, 0, 2, 0, 9, 9, 0, 0, 0, 0, 17, 9, 9, 9, 9, 9, 9, 9, 9]
[9, 0, 0, 1, 9, 1, 9, 9, 0, 0, 9, 9, 9, 9, 9, 0, 9, 9, 11, 9, 9, 9, 0, 0, 10, 9, 9, 9, 9, 0, 0, 0, 2, 17, 9, 9, 9, 9, 9, 9, 9, 9]
[9, 0, 0, 1, 9, 9, 9, 9, 0, 0, 9, 9, 11, 9, 9, 0, 0, 0, 9, 9, 9, 9, 0, 0, 10, 2, 17, 9, 9, 9, 9, 9, 9, 9, 9]
[0, 0, 1, 0, 9, 9, 0, 0, 0, 9, 9, 9, 0, 0, 9, 9, 11, 9, 0, 0, 0, 10, 17, 9, 9, 9, 9, 9, 9, 9]
[9, 9, 9, 9, 9, 9, 10, 9, 9, 11, 9, 0, 1, 9, 2, 9, 0, 0, 0, 1, 9, 0, 0, 0, 0]
[9, 9, 9, 9, 9, 9, 0, 9, 9, 11, 9, 10, 1, 9, 2, 9, 0, 0, 0, 1, 9, 0, 0, 0, 0, 9, 0, 0, 0, 0]
[9, 9, 9, 9, 9, 9, 9, 0, 9, 9, 11, 9, 9, 0, 10, 9, 2, 9, 9, 0, 0, 0, 1, 0, 9, 0, 0, 0, 0, 0, 9, 0, 0, 0, 0, 17]
[9, 9, 9, 9, 9, 9, 9, 0, 9, 9, 11, 9, 9, 0, 0, 9, 2, 9, 9, 0, 10, 0, 1, 0, 9, 0, 0, 0, 0, 0, 9, 0, 0, 0, 0, 17, 9, 9, 9, 9, 9, 9]
[9, 9, 9, 9, 9, 9, 9, 9, 0, 9, 9, 11, 9, 9, 9, 0, 0, 9, 2, 9, 9, 9, 0, 0, 10, 1, 0, 9, 9, 0, 0, 0, 0, 0, 9, 9, 0, 0, 0, 0, 17, 9, 9, 9, 9, 9, 9, 9, 9]
[9, 9, 9, 9, 9, 9, 9, 0, 9, 9, 11, 9, 9, 0, 0, 9, 9, 9, 9, 0, 10, 0, 2, 0, 9, 0, 0, 0, 0, 0, 9, 0, 0, 0, 0, 17, 9, 9, 9, 9, 9, 9]
[9, 9, 9, 9, 9, 9, 9, 9, 0, 0, 9, 9, 9, 9, 9, 0, 9, 9, 11, 9, 9, 9, 0, 0, 10, 9, 9, 9, 9, 0, 0, 0, 2, 0, 9, 9, 0, 0, 0, 0, 17, 9, 9, 9, 9, 9, 9, 9, 9]
[9, 0, 0, 1, 9, 1, 9, 9, 0, 0, 9, 9, 9, 9, 9, 0, 9, 9, 11, 9, 9, 9, 0, 0, 10, 9, 9, 9, 9, 0, 0, 0, 2, 17, 9, 9, 9, 9, 9, 9, 9, 9]
[9, 0, 0, 1, 9, 9, 9, 9, 0, 0, 9, 9, 11, 9, 9, 0, 0, 0, 9, 9, 9, 9, 0, 0, 10, 2, 17, 9, 9, 9, 9, 9, 9, 9, 9]
[0, 0, 1, 0, 9, 9, 0, 0, 0, 9, 9, 9, 0, 0, 9, 9, 11, 9, 0, 0, 0, 10, 17, 9, 9, 9, 9, 9, 9, 9]
[9, 9, 9, 9, 9, 9, 10, 9, 9, 11, 9, 0, 1, 9, 2, 9, 0, 0, 0, 1, 9, 0, 0, 0, 0]
[9, 9, 9, 9, 9, 9, 0, 9, 9, 11, 9, 10, 1, 9, 2, 9, 0, 0, 0, 1, 9, 0, 0, 0, 0, 9, 0, 0, 0, 0]
[9, 9, 9, 9, 9, 9, 9, 0, 9, 9, 11, 9, 9, 0, 10, 9, 2, 9, 9, 0, 0, 0, 1, 0, 9, 0, 0, 0, 0, 0, 9, 0, 0, 0, 0, 17]
[9, 9, 9, 9, 9, 9, 9, 0, 9, 9, 11, 9, 9, 0, 0, 9, 2, 9, 9, 0, 10, 0, 1, 0, 9, 0, 0, 0, 0, 0, 9, 0, 0, 0, 0, 17, 9, 9, 9, 9, 9, 9]
[9, 9, 9, 9, 9, 9, 9, 9, 0, 9, 9, 11, 9, 9, 9, 0, 0, 9, 2, 9, 9, 9, 0, 0, 10, 1, 0, 9, 9, 0, 0, 0, 0, 0, 9, 9, 0, 0, 0, 0, 17, 9, 9, 9, 9, 9, 9, 9, 9]
[9, 9, 9, 9, 9, 9, 9, 0, 9, 9, 11, 9, 9, 0, 0, 9, 9, 9, 9, 0, 10, 0, 2, 0, 9, 0, 0, 0, 0, 0, 9, 0, 0, 0, 0, 17, 9, 9, 9, 9, 9, 9]
[9, 9, 9, 9, 9, 9, 9, 9, 0, 0, 9, 9, 9, 9, 9, 0, 9, 9, 11, 9, 9, 9, 0, 0, 10, 9, 9, 9, 9, 0, 0, 0, 2, 0, 9, 9, 0, 0, 0, 0, 17, 9, 9, 9, 9, 9, 9, 9, 9]
[9, 0, 0, 1, 9, 1, 9, 9, 0, 0, 9, 9, 9, 9, 9, 0, 9, 9, 11, 9, 9, 9, 0, 0, 10, 9, 9, 9, 9, 0, 0, 0, 2, 17, 9, 9, 9, 9, 9, 9, 9, 9]
[9, 0, 0, 1, 9, 9, 9, 9, 0, 0, 9, 9, 11, 9, 9, 0, 0, 0, 9, 9, 9, 9, 0, 0, 10, 2, 17, 9, 9, 9, 9, 9, 9, 9, 9]
[0, 0, 1, 0, 9, 9, 0, 0, 0, 9, 9, 9, 0, 0, 9, 9, 11, 9, 0, 0, 0, 10, 17, 9, 9, 9, 9, 9, 9, 9]
[9, 9, 9, 9, 9, 9, 10, 9, 9, 11, 9, 0, 1, 9, 2, 9, 0, 0, 0, 1, 9, 0, 0, 0, 0]
[9, 9, 9, 9, 9, 9, 0, 9, 9, 11, 9, 10, 1, 9, 2, 9, 0, 0, 0, 1, 9, 0, 0, 0, 0, 9, 0, 0, 0, 0]
[9, 9, 9, 9, 9, 9, 9, 0, 9, 9, 11, 9, 9, 0, 10, 9, 2, 9, 9, 0, 0, 0, 1, 0, 9, 0, 0, 0, 0, 0, 9, 0, 0, 0, 0, 17]
[9, 9, 9, 9, 9, 9, 9, 0, 9, 9, 11, 9, 9, 0, 0, 9, 2, 9, 9, 0, 10, 0, 1, 0, 9, 0, 0, 0, 0, 0, 9, 0, 0, 0, 0, 17, 9, 9, 9, 9, 9, 9]
[9, 9, 9, 9, 9, 9, 9, 9, 0, 9, 9, 11, 9, 9, 9, 0, 0, 9, 2, 9, 9, 9, 0, 0, 10, 1, 0, 9, 9, 0, 0, 0, 0, 0, 9, 9, 0, 0, 0, 0, 17, 9, 9, 9, 9, 9, 9, 9, 9]
[9, 9, 9, 9, 9, 9, 9, 0, 9, 9, 11, 9, 9, 0, 0, 9, 9, 9, 9, 0, 10, 0, 2, 0, 9, 0, 0, 0, 0, 0, 9, 0, 0, 0, 0, 17, 9, 9, 9, 9, 9, 9]
[9, 9, 9, 9, 9, 9, 9, 9, 0, 0, 9, 9, 9, 9, 9, 0, 9, 9, 11, 9, 9, 9, 0, 0, 10, 9, 9, 9, 9, 0, 0, 0, 2, 0, 9, 9, 0, 0, 0, 0, 17, 9, 9, 9, 9, 9, 9, 9, 9]
[9, 0, 0, 1, 9, 1, 9, 9, 0, 0, 9, 9, 9, 9, 9, 0, 9, 9, 11, 9, 9, 9, 0, 0, 10, 9, 9, 9, 9, 0, 0, 0, 2, 17, 9, 9, 9, 9, 9, 9, 9, 9]
[9, 0, 0, 1, 9, 9, 9, 9, 0, 0, 9, 9, 11, 9, 9, 0, 0, 0, 9, 9, 9, 9, 0, 0, 10, 2, 17, 9, 9, 9, 9, 9, 9, 9, 9]
[0, 0, 1, 0, 9, 9, 0, 0, 0, 9, 9, 9, 0, 0, 9, 9, 11, 9, 0, 0, 0, 10, 17, 9, 9, 9, 9, 9, 9, 9]
